-121.927 129.192 140.21 -120 128 280 140 340
-114.769 130.214 139.768 -115.365 131.011 273 140 320
-125.061 129.982 139.832 -123.365 129.481 283.5 140 300
-118.303 129.893 139.91 -118.365 130.481 276.5 140 220
-111.383 130.071 139.905 -110.365 128.481 269.5 140 100
-114.859 129.951 139.904 -114.365 129.481 273 140 60
-62.3564 157.033 120.212 -62.6352 157.481 238 120 320
-92.3414 171.673 119.984 -90.6352 172.481 273 120 260
-68.4049 160.039 120.007 -67.6352 159.481 245 120 220
-74.7422 162.604 120.09 -73.6352 162.481 252 120 180
-83.6271 167.092 119.968 -81.6352 166.481 262.5 120 160
-62.3564 157.033 120.212 -62.6352 157.481 238 120 140
-74.5988 162.781 119.986 -73.6352 163 252 120 100
-125.288 129.264 140.163 -123.365 128.481 283.5 140 120
-62.2267 157.186 120.106 -61.6352 155.481 238 120 340
-71.4528 161.472 119.939 -70.6352 161.481 248.5 120 40
-12.2657 167.896 99.7642 -11.6352 168 213.5 100 340
-25.4486 183.219 99.9179 -23.6352 182 234.5 100 260
-10.0786 165.292 99.7915 -9.63518 164.481 210 100 220
-138.424 130.135 139.929 -135.365 129.481 297.5 140 160
-58.845 156.069 119.942 -58.6352 154.481 234.5 120 80
-5.53017 160.146 99.8169 -5.63518 158.481 203 100 200
-5.5133 160.155 99.8064 -5.63518 159 203 100 120
-58.8064 156.114 119.909 -58.6352 154.641 234.5 120 240
-7.86363 162.697 99.8349 -7.63518 160.481 206.5 100 80
-7.86363 162.697 99.8349 -7.63518 160.481 206.5 100 20
-7.77644 162.742 99.7833 -7.63518 162.481 206.5 100 0
-5.56296 160.13 99.8375 -5.63518 157.481 203 100 60
39.76 159.12 80.0481 40 158 189 80 340
42.6762 149.138 80.0819 42 147.603 178.5 80 320
36.0863 172.289 80.0945 37 171 203 80 300
-125.329 129.133 140.224 -125 130 283.5 140 200
39.8618 159.128 80.0036 40 157.603 189 80 260
44.8153 142.423 80.0156 44 142.603 171.5 80 240
42.3953 149.121 80.2196 42 148.603 178.5 80 220
-83.6271 167.092 119.968 -81.6352 166.481 262.5 120 280
43.8204 145.793 80.0184 43 144.853 175 80 200
44.7426 142.42 80.0555 43 139.603 171.5 80 140
43.8931 145.797 79.9807 43 144.603 175 80 80
-5.54588 160.139 99.8268 -5.63518 158 203 100 300
35.3166 175.577 80.0978 36 172.603 206.5 80 20
41.7954 152.483 80.0098 42 153.053 182 80 0
-114.846 129.989 139.884 -115.365 130.671 273 140 40
82.4056 114.496 59.9379 79.6044 112.279 150.5 60 340
-114.889 129.863 139.95 -115.365 130.481 273 140 0
80.7934 107.596 59.9865 78.6044 107.279 143.5 60 280
82.0945 114.632 60.1151 80.6044 114.279 150.5 60 240
-55.9251 154.386 120.163 -55.6352 151.481 231 120 120
-5.56296 160.13 99.8375 -5.63518 157.481 203 100 40
85.1487 128.39 60.0538 85.6044 129.279 164.5 60 200
41.8097 152.484 80.0032 42 153 182 80 180
79.8952 104.175 60.0472 77.6044 104.279 140 60 180
80.7934 107.596 59.9865 78.6044 107.279 143.5 60 140
79.8952 104.175 60.0472 77.6044 104.279 140 60 100
82.4056 114.496 59.9379 79.6044 112.279 150.5 60 260
81.4957 111.096 60.0309 78.6044 109.279 147 60 80
-12.2354 167.912 99.7472 -11.6352 168.481 213.5 100 320
85.1487 128.39 60.0538 85.6044 129.279 164.5 60 40
105.352 76.2373 40.0419 103.604 76.2788 133 40 340
83.0291 118.012 60.0019 81.6044 117.279 154 60 160
96.4224 65.1369 39.8746 94.6044 66.2788 119 40 240
98.6663 67.9111 39.9355 97.6044 69.2788 122.5 40 220
-5.5133 160.155 99.8064 -5.63518 159 203 100 100
81.3889 111.144 60.0951 78.6044 109.479 147 60 20
41.9178 152.491 79.9528 42 152.603 182 80 160
-141.701 130.299 139.966 -140.365 131.481 301 140 180
96.2156 65.3872 40.0724 92.6044 65.2788 119 40 180
83.0291 118.012 60.0019 81.6044 117.279 154 60 220
96.2156 65.3872 40.0724 92.6044 65.2788 119 40 140
44.1194 145.808 79.8635 43.53 145.603 175 80 40
96.2156 65.3872 40.0724 92.6044 65.2788 119 40 320
112.159 84.3758 39.9758 111.604 84.6288 143.5 40 120
98.5586 68.0385 40.0341 96.6044 68.7788 122.5 40 80
-55.6898 154.653 119.956 -55.6352 152.481 231 120 200
98.6663 67.9111 39.9355 97.6044 69.2788 122.5 40 0
98.4487 68.1682 40.1345 95.6044 68.2788 122.5 40 280
79.9215 104.163 60.0295 77.6044 104.229 140 60 120
80.7934 107.596 59.9865 78.6044 107.279 143.5 60 320
-58.9963 155.896 120.072 -59.6352 156.481 234.5 120 20
100.938 70.6431 39.9511 97.6044 70.0888 126 40 20
87.367 23.6052 19.8913 84.9693 25.202 91 20 320
87.3319 23.716 19.9884 84.9693 25.332 91 20 260
87.3207 23.7513 20.0193 85.9693 25.672 91 20 280
45.894 139.04 79.9753 44 136.973 168 80 100
-7.84079 162.709 99.8214 -7.63518 161 206.5 100 280
98.4487 68.1682 40.1345 95.6044 68.2788 122.5 40 100
-7.77644 162.742 99.7833 -7.63518 162.481 206.5 100 140
87.3319 23.716 19.9884 84.9693 25.332 91 20 220
-19.1677 175.433 99.9161 -17.6352 172.481 224 100 240
87.3406 23.6886 19.9643 83.9693 25.002 91 20 180
96.2156 65.3872 40.0724 92.6044 65.2788 119 40 300
83.2564 117.915 59.8761 82.6044 118.279 154 60 60
87.367 23.6052 19.8913 84.9693 25.202 91 20 240
-5.53017 160.146 99.8169 -5.63518 158.481 203 100 160
44.6231 142.415 80.121 43 140 171.5 80 280
93.8093 26.4231 20.0062 89.9693 27.202 98 20 160
96.4224 65.1369 39.8746 94.6044 66.2788 119 40 160
-118.303 129.893 139.91 -118.365 130.481 276.5 140 260
93.8112 26.4171 20.0014 92.9693 28.102 98 20 120
87.3319 23.716 19.9884 84.9693 25.332 91 20 140
-71.4528 161.472 119.939 -70.6352 161.481 248.5 120 60
-52.4887 153.277 119.984 -52.6352 150.481 227.5 120 0
-10.1584 165.251 99.8388 -9.63518 163 210 100 180
100.838 70.7598 40.0377 97.6044 70.2788 126 40 260
87.2994 23.8182 20.078 84.9693 25.452 91 20 100
98.6663 67.9111 39.9355 97.6044 69.2788 122.5 40 200
87.3379 23.6972 19.9719 83.9693 25.012 91 20 80
98.6663 67.9111 39.9355 97.6044 69.2788 122.5 40 60
90.5694 25.0744 20.0131 88.9693 26.722 94.5 20 200
87.367 23.6052 19.8913 84.9693 25.202 91 20 60
87.367 23.6052 19.8913 84.9693 25.202 91 20 40
-114.857 129.959 139.9 -113.365 128.361 273 140 240
45.1129 142.434 79.8524 44 141.603 171.5 80 60
41.0193 155.826 79.9136 41 154.603 185.5 80 120
-107.879 130.204 139.892 -108.365 129.841 266 140 20
87.3319 23.716 19.9884 84.9693 25.332 91 20 300
-118.279 129.963 139.875 -117.365 129.481 276.5 140 280
96.2156 65.3872 40.0724 92.6044 65.2788 119 40 40
-118.075 130.571 139.572 -118.365 131.481 276.5 140 140
-121.805 129.577 140.03 -121.365 130.001 280 140 80
103.586 30.2908 19.7683 101.969 31.202 108.5 20 20
87.3126 23.7765 20.0414 85.9693 25.702 91 20 340
87.367 23.6052 19.8913 84.9693 25.202 91 20 0
81.6527 111.026 59.9366 80.6044 111.759 147 60 300
-58.845 156.069 119.942 -58.6352 154.481 234.5 120 300
82.4056 114.496 59.9379 79.6044 112.279 150.5 60 0
