-102.279 48.3283 160.088 -102.969 46.202 283.5 160 300
-96.6759 47.8986 160.019 -96.9693 46.242 238 160 280
-122.66 58.2546 160.074 -120.604 59.2788 213.5 160 240
-251.281 69.582 159.997 -250.279 71.6044 311.5 160 220
-294.21 78.1288 160.018 -290.279 79.1344 336 160 200
-345.021 94.3129 159.411 -343.202 95.9693 399 160 160
-338.418 101.085 159.775 -337 103 486.5 160 120
-199.091 141.873 159.679 -198.635 140.481 378 160 100
-206.338 122.693 160.015 -206.798 120.969 451.5 160 80
-202.54 102.639 160.027 -203 100.603 511 160 60
-189.364 88.0979 160.122 -190 86 535.5 160 40
-133.466 91.0441 150.039 -134.603 89 423.5 150 340
-113.221 75.8119 149.969 -112.279 76.7744 213.5 150 240
-294.647 135.132 150.017 -292.202 136.219 343 150 180
-313.443 158.445 147.849 -309.365 158.481 371 150 160
-179.352 167.521 150.004 -180 166.22 399 150 80
-150.577 103.106 150.007 -151.603 101 476 150 0
-117.391 53.8533 159.898 -116.969 51.202 350 160 320
-125.898 122.73 139.938 -126.604 120.279 423.5 140 340
-111.459 108.51 140.005 -111.604 105.529 367.5 140 320
-98.4285 96.2292 140.058 -99.6044 94.2788 308 140 300
-86.0561 86.4298 139.945 -86.6044 83.9588 252 140 280
-169.553 128.025 139.683 -166 128.183 269.5 140 220
-104.628 113.081 140.229 -100.202 111.969 196 140 200
-288.185 213.328 139.908 -284 213 465.5 140 100
-140.795 138.047 139.957 -140.604 134.769 465.5 140 0
-87.0203 119.485 130.134 -88.2788 117.604 315 130 300
-70.3923 108.001 130.021 -70.202 106.969 185.5 130 220
-201.654 203.76 129.999 -199.365 204.481 301 130 180
-82.6863 155.517 130.051 -79 155 196 130 160
-87.885 197.593 130.104 -84.6352 197.481 234.5 130 120
-123.857 203.113 129.665 -125 201.603 413 130 40
-126.359 185.89 129.903 -128 184.603 444.5 130 20
-296.109 207.944 139.646 -294 209 385 140 140
-118.827 167.86 130.061 -120 165.603 441 130 0
-75.3897 154.32 120.191 -77.202 152.969 357 120 320
-66.3197 127.635 119.963 -65.3648 126.481 203 120 220
-67.2219 147.953 119.735 -63.3648 145.981 189 120 180
-194.454 278.437 119.518 -192.635 279.481 332.5 120 140
-72.6353 223.155 118.95 -74 222 350 120 40
-66.8112 98.1673 129.854 -68.2788 96.6044 217 130 260
-166.287 173.988 129.982 -164.202 174.969 276.5 130 200
-132.672 59.9124 160.095 -132.969 57.512 416.5 160 340
-46.5898 166.74 110.085 -48.798 165.969 336 110 320
-34.895 131.859 109.919 -35 131.42 178.5 110 200
-37.7221 163.623 109.463 -34.6352 162.761 182 110 160
-150.63 319.546 110.014 -147.798 318 339.5 110 120
-154.402 334.261 109.992 -150.798 331 371 110 100
-95.4927 133.471 129.89 -97 131.603 364 130 320
-29.5687 232.095 109.957 -26 230.603 248.5 110 80
-23.949 232.155 109.868 -23 230.603 269.5 110 60
-41.2982 217.665 109.662 -42.7212 214.604 339.5 110 20
-50.137 203.659 109.884 -52 202 364 110 0
-15.9981 190.764 99.9825 -18 188.603 325.5 100 340
-16.2974 172.544 99.9927 -18.438 171 311.5 100 320
-13.5083 140.12 99.8883 -15.6352 138.481 255.5 100 280
-13.4066 132.074 99.9571 -15.3648 130.791 231 100 260
-9.58673 118.742 99.9896 -11.25 116 178.5 100 220
-31.8099 118.282 110.06 -33.3648 116.481 199.5 110 240
-87.2042 191.123 119.826 -89 189.603 406 120 0
-153.364 241.754 123.383 -150.21 241.603 416.5 120 60
-14.2947 146.096 100 -13.6352 144.481 175 100 180
-33.9943 229.303 109.977 -34.7212 228.604 308 110 40
-12.6261 160.733 99.8612 -10.6352 158.481 175 100 160
-82.3564 176.618 129.599 -79 176.92 210 130 140
13.4777 171.109 99.741 14.202 169.969 168 100 120
-93.3488 344.737 99.9971 -91 344 339.5 100 100
-49.8985 109.535 120.217 -51.202 107.969 196 120 240
12.2143 216.774 100.566 15 212.603 213.5 100 80
-1.42033 217.016 100.055 -2.72124 215.604 294 100 20
-10.81 205.871 99.8211 -12.7212 205 318.5 100 0
12.4663 154.03 89.7872 10.202 153.969 266 90 300
10.415 142.376 89.9843 8.20202 141.969 248.5 90 280
9.71457 128.196 90.1826 7.36482 127.481 220.5 90 260
9.69219 119.161 90.0616 7.36482 117.881 196 90 240
12.5506 112.417 90.1441 10.3648 112.481 157.5 90 200
28.1512 173.413 89.9856 30 170.603 168 90 120
-329.084 158.656 150.208 -325 159 458.5 150 120
-29.7007 355.865 90.0096 -27.7212 356 336 90 80
-21.0743 349.444 89.349 -18.7212 346.23 353.5 90 60
29.2508 193.248 89.9444 27.2788 192.604 266 90 0
-81.1215 339.379 99.8576 -78.7212 339 388.5 100 60
-41.9493 149.361 109.968 -44 148.25 301 110 300
51.0372 166.956 79.9246 48.2788 164.604 238 80 340
43.697 157.268 79.7194 41.2788 156.604 245 80 320
38.5197 145.83 79.8169 36 145 241.5 80 300
31.4587 121.292 79.945 29.202 121.719 210 80 260
29.4436 111.578 79.8524 27.202 111.969 189 80 240
29.4184 103.762 79.9865 27.142 103.969 154 80 200
-58.1896 122.05 119.992 -60 120.603 262.5 120 280
14.4491 168.754 90.0378 12 166.603 280 90 320
31.5637 123.012 80.0111 30.202 121.969 161 80 180
-5.09173 235.217 100.034 -3.72124 233 283.5 100 40
40.491 156.705 79.951 41 153.603 164.5 80 140
49.5325 162.861 80.0496 51 161.603 161 80 120
-76.0068 104.663 130.092 -76 103.603 206.5 130 240
34.4691 342.901 79.8045 36.2788 339.604 322 80 60
37.7524 324.733 79.7985 39.7244 322.279 332.5 80 40
64.0192 168.437 80.1237 61.6044 167.279 213.5 80 0
67.614 142.046 70.0236 65.2788 141.604 213.5 70 320
61.4228 133.263 69.8871 59.2788 133.604 217 70 300
54.3777 119.196 70.2022 52 119.603 206.5 70 280
-108.578 151.065 129.94 -110.279 149.604 413 130 340
-278.432 195.439 139.498 -275 195.481 350 140 160
-15.6303 136.431 100.149 -16 136 182 100 200
43.6064 93.1419 70.0263 41 92.6025 150.5 70 200
-15.262 155.747 99.8732 -17.3852 154.481 287 100 300
70.714 183.024 80.0813 70.6044 182.279 206.5 80 20
43.2112 92.9589 69.9798 41 93.6025 161 70 220
46.0858 94.4724 70.0365 43 93.1025 140 70 180
69.4346 165.187 69.9844 71.2788 163.604 168 70 120
88.4114 162.312 70.0448 88.6044 158.199 157.5 70 80
99.8191 150.671 59.9629 100.604 151.279 199.5 60 340
-162.776 170.297 139.882 -162 167 469 140 40
70.6056 103.187 60.2188 68.2788 103.604 185.5 60 280
64.036 93.932 60.0356 61.2788 93.6044 178.5 60 260
-209.695 298.1 120.022 -207.635 298.481 367.5 120 120
53.602 76.283 59.8699 51 76.3525 140 60 200
71.5892 97.9991 60.0195 69.2788 97.6044 133 60 140
98.7191 149.643 60.1609 98.6044 145.919 157.5 60 100
107.463 155.777 60.0398 107.604 151.279 157.5 60 80
116.316 159.847 60.1959 116.604 155.279 164.5 60 40
33.3808 153.744 80.0335 34.202 153.969 175 80 160
114.844 160.751 59.8041 115.604 157.279 175 60 20
115.413 112.957 49.9688 115.603 113.63 157.5 50 340
89.178 86.7184 50.0457 87.6044 88.2788 154 50 300
70.6242 71.1564 50.0636 67.6044 71.2788 150.5 50 260
67.8673 70.5535 50.0185 66.2788 71.6044 154 50 240
30.2899 341.769 79.9833 32.2788 340.604 304.5 80 80
58.0483 58.2061 49.9856 55.2788 58.4744 126 50 200
62.2461 62.7232 49.9671 60.2788 63.6044 126 50 180
19.4323 184.445 89.7669 17.2788 183.604 283.5 90 340
76.6351 74.4316 49.9468 74.6044 75.2788 122.5 50 140
89.1122 286.171 69.8431 90.6044 284.279 304.5 70 20
93.5461 93.3327 49.9675 90.6044 91.8388 133 50 120
-58.0408 158.553 119.953 -55 158.29 185.5 120 160
109.363 110.916 49.97 107.604 109.029 140 50 100
49.4691 107.405 69.9225 47 107.603 192.5 70 260
113.708 156.173 60.0547 113.604 151.369 157.5 60 60
125.423 132.265 49.8678 124.603 128.92 150.5 50 80
47.9116 205.849 90.0264 48.2788 203.974 220.5 90 40
134.235 136.94 49.9873 135.603 135.25 157.5 50 20
95.8127 176.793 69.9033 97.6044 173.779 178.5 70 40
62.6842 87.6537 60.0526 60.2788 87.6044 133 60 160
126.133 86.595 40.0063 123.603 85.75 136.5 40 340
88.3295 146.381 69.8894 85.6044 144.279 178.5 70 0
110.796 74.3125 39.8608 108.603 74.86 133 40 320
72.5899 50.6063 40.0356 69.6044 51.2788 126 40 260
-152.208 103.373 159.98 -148 104.603 224 160 180
10.6081 114.239 89.8664 8.36482 113 175 90 220
63.8789 44.7105 40.0153 61.6044 45.8488 119 40 240
-151.87 68.2481 160.014 -150.969 65.412 479.5 160 0
55.4142 38.5418 40.0318 52.6044 39.2788 105 40 200
78.6491 55.3776 40.058 76.6044 56.2788 115.5 40 140
133.357 147.112 49.7802 132.603 143 178.5 50 0
89.614 61.967 40.2388 87.6025 63 115.5 40 120
84.3231 116.518 59.9113 82.2788 114.604 140 60 120
84.926 58.9806 39.9709 82.6025 60 133 40 280
-74.4739 140.227 120.072 -72.3648 140.481 199.5 120 200
86.7168 115.97 60.0173 83.6044 115.279 175 60 320
137.367 95.2038 39.9779 135.969 94.202 136.5 40 0
-256.25 122.779 149.556 -253 123.603 315 150 200
139.372 66.6203 30.0674 137.969 66.672 129.5 30 340
-90.8693 66.1063 150.097 -91.6025 64 241.5 150 280
102.848 47.3153 30.1115 99.9693 48.202 119 30 300
51.2736 23.7572 30.3722 48.6025 25 87.5 30 220
-82.8007 172.995 120.006 -84.798 171.969 392 120 340
56.6435 39.3475 40.0909 54.6044 40.7488 108.5 40 220
62.7537 65.4795 50.2689 61.2788 66.6944 143.5 50 220
46.8407 21.2447 30.0903 45.6025 23.25 80.5 30 200
48.3575 21.7786 29.8246 45.6025 23 80.5 30 180
11.268 156.112 89.8805 12.202 153.969 171.5 90 160
-95.2496 68.0738 150.203 -95.6044 67.2788 217 150 260
76.1867 146.472 70.1443 73.6044 145 199.5 70 340
51.9632 102.001 69.8048 49 100.603 136.5 70 160
69.9691 32.8125 30.0059 67.6025 34 98 30 140
55.9466 78.5308 59.9735 54 79.6025 133 60 180
132.962 130.799 50.0015 132.603 128 147 50 40
53.2556 76.0398 59.9764 51 76.8525 147 60 220
61.9624 44.1295 40.0091 60.6044 45.5888 112 40 180
-37.607 134.478 109.947 -39.202 131.969 262.5 110 280
87.8201 41.5819 29.9161 86.6025 43.05 108.5 30 120
-252.011 175.883 140.006 -249.202 176.409 322 140 180
116.164 53.0693 29.9902 114.969 54.512 112 30 80
-52.8157 113.064 119.925 -54 110.603 224 120 260
-117.574 80.7747 149.981 -117.603 78 360.5 150 320
82.8294 84.8336 50.0287 80.6044 85.2788 164.5 50 280
151.262 71.7739 30.0135 149.969 71.452 126 30 20
-170.275 116.583 149.983 -171 114.56 511 150 20
127.863 34.25 19.9768 126.481 35.8648 105 20 340
146.665 105.169 39.9437 146.969 104.202 140 40 20
-87.6313 208.066 119.885 -89 206 395.5 120 20
116.664 31.5091 19.9719 112.481 32.3648 105 20 320
-34.184 123.94 110.035 -36.202 122.969 227.5 110 260
58.56 27.1054 29.7649 55.6025 28 91 30 160
104.728 71.4162 40.09 102.603 72 119 40 100
28.4088 322.778 80.0425 30.2788 320 283.5 80 100
81.849 22.064 19.9605 78.9693 23.542 94.5 20 280
156.23 78.2385 30.0668 154.969 77.202 136.5 30 0
64.1825 17.1826 19.9967 62.9693 19.202 84 20 260
99.474 91.9045 49.8389 97.6025 93 147 50 320
48.2835 12.6218 20.0286 46.9693 14.652 70 20 240
87.551 40.5387 29.997 85.6025 42 115.5 30 280
-5.5211 172.011 99.8566 -2.79798 167.969 175 100 140
34.0055 8.02362 19.2407 32.9693 10.202 52.5 20 220
98.7351 68.1497 39.9324 95.6025 68.25 136.5 40 300
-31.0176 342.574 90.0479 -29 342.603 311.5 90 100
-10.3139 119.145 100.11 -12.51 118 196 100 240
67.4358 66.814 50.0205 65.2788 67.6044 122.5 50 160
84.6101 28.1367 19.806 84.9693 28.952 136.5 20 180
73.2018 33.9504 29.9169 71.6025 35.63 108.5 30 260
60.5541 27.9831 29.9865 57.6025 29.03 98 30 240
-255.802 263.977 130.01 -252.798 263.969 434 130 100
34.7035 8.56562 19.6058 31.9693 10.202 52.5 20 160
34.7823 132.487 79.8532 32.462 132.849 227.5 80 280
48.0495 12.6974 19.9869 44.9693 14.202 66.5 20 140
45.4828 97.3905 69.7718 43 97.6025 175 70 240
84.4396 23.3335 20.0919 82.9693 25.202 91 20 100
103.18 28.39 20.0173 102.481 30.3648 98 20 80
-65.2321 136.022 120.007 -67.13 134.603 308 120 300
107.887 149.12 59.8883 108.604 148.279 178.5 60 0
153.319 74.9744 30.0211 153.969 75.202 129.5 30 40
78.8067 111.764 59.9453 76.6044 112.279 185.5 60 300
187.752 64.4735 19.9943 187.481 63.3648 150.5 20 0
-19.1309 275.647 89.9587 -16.798 272.969 262.5 90 140
60.6875 125.975 70.0483 60 125.853 147 70 140
99.8153 11.232 9.98588 97.4808 13.2348 77 10 340
-47.3076 155.882 109.984 -45 156 189 110 180
-50.0529 186.17 109.914 -52 184.603 360.5 110 340
118.709 32.3482 19.9866 116.481 33.7748 101.5 20 60
92.6182 10.3035 9.75021 89.4808 12 77 10 320
-29.0462 117.216 110.004 -30.3648 115.481 178.5 110 220
127.627 34.1507 19.9968 124.481 35.3948 101.5 20 40
-111.209 50.93 159.99 -110.603 51.09 224 160 260
100.146 27.1298 20.0073 98.4808 28.8648 101.5 20 300
-152.012 153.225 140.053 -153 151 479.5 140 20
14.8054 1.12876 8.42729 12.4808 3.42482 17.5 10 260
-28.0269 173.955 109.96 -24.6352 170.321 182 110 140
-89.3445 89.9582 140.062 -88.2788 88.6044 203 140 240
7.8607 0.645885 9.39975 4.48077 2.36482 10.5 10 240
142.274 68.3276 29.8085 138.969 67.202 126 30 60
71.8123 7.93468 10.0036 70.4808 10.1148 66.5 10 300
46.8289 193.74 89.5885 45.2788 193.604 231 90 20
130.924 64.4082 29.9271 130.969 65.202 136.5 30 320
30.5219 7.56279 20.071 27.9693 9.20201 49 20 200
162.217 134.472 40.0258 160.603 130 164.5 40 60
6.79214 0.611571 10.0576 4.48077 2.10482 10.5 10 200
-152.249 189.097 139.78 -152 186 409.5 140 60
49.982 5.28999 9.96681 47.4808 7.36482 52.5 10 280
-350.339 100.727 159.344 -348.365 102.391 441 160 140
65.4917 17.8972 20.0642 61.9693 19.202 80.5 20 120
-82.3953 84.222 139.905 -81.6044 81.2788 217 140 260
-103.644 72.0554 149.957 -104.603 70 297.5 150 300
69.8709 49.8854 39.9805 68.6044 51.2788 115.5 40 160
-168.523 176.584 149.961 -169 176.969 336 150 100
12.4961 0.797635 6.94649 9.48077 2.86482 14 10 100
-94.9701 220.347 129.847 -94 217.603 301 130 80
6.72421 0.576201 9.47308 5.48077 2.36482 10.5 10 180
6.94235 0.577162 9.13251 4.48077 1.93482 10.5 10 160
-101.797 218.203 128.881 -103 217.073 346.5 130 60
-330.484 156.869 149.626 -328 158 413 150 140
-170.758 77.8528 159.963 -171 75.49 521.5 160 20
-216.07 105.547 150.002 -214.279 107.104 294 150 220
57.4083 82.209 59.7515 54.2788 81.6044 161 60 240
82.9483 291.159 69.9613 84.2788 288.604 259 70 100
12.0066 133.095 89.8065 11.3648 133.481 164.5 90 180
97.0392 42.7189 29.1822 94.9693 44.202 105 30 100
61.3866 6.81775 9.96512 57.4808 8.64482 59.5 10 80
28.6965 104.383 79.7988 26.202 103.969 168 80 220
89.4877 321.16 69.8319 90.6044 317.279 290.5 70 60
81.2329 9.20707 9.98592 79.4808 11.3048 70 10 60
7.46868 0.67662 9.90708 4.48077 2.36482 10.5 10 140
125.555 88.4257 40.0282 125.603 89 129.5 40 80
-180.682 130.929 149.958 -181 128.5 504 150 40
84.1261 7.49318 8.20522 80.4808 9.36482 66.5 10 40
132.03 136.616 49.9732 131.603 133 150.5 50 60
195.239 31.9576 9.88085 194.481 31.3648 147 10 20
-186.222 148.535 149.895 -186 146 465.5 150 60
16.6476 1.61239 9.94907 14.4808 3.81482 21 10 120
103.458 11.3374 9.74896 98.4808 13 77 10 0
-252.298 198.002 139.996 -249 198.44 486.5 140 80
131.895 34.8272 19.9805 130.481 36.6148 101.5 20 20
11.9428 1.06365 9.48002 10.4808 2.72482 17.5 10 220
150.651 111.829 39.9612 150.969 110.202 143.5 40 40
