-140.676 -1.31342 172.551 -140 0 357 180 340
-121.091 46.1844 179.64 -120 40 287 180 320
-182.083 1.45609 177.648 -180 0 381.5 180 280
-170.719 39.0248 173.892 -170 40 329 180 140
-202.177 -1.84239 179.612 -200 0 395.5 180 80
-140.911 54.888 176.801 -140 50 311.5 180 60
-159.16 30.038 172.646 -160 30 367.5 180 0
-130.744 53.2847 174.326 -130 50 276.5 180 260
-159.385 59.772 161.911 -160 60 353.5 170 340
-110.569 55.3346 168.804 -110 50 287 170 320
-109.628 54.0205 168.785 -110 50 269.5 170 300
-111.313 53.9492 169.312 -110 50 255.5 170 280
-141.689 40.8261 174.605 -140 40 287 170 260
-119.606 73.2529 166.367 -120 70 252 170 240
-107.041 74.7922 170.391 -110 70 220.5 170 220
-270.35 69.926 165.098 -270 70 476 170 0
-110.408 73.3755 157.069 -110 70 273 160 300
-109.576 72.1253 157.762 -110 70 255.5 160 280
-99.3131 94.8955 155.729 -100 90 234.5 160 240
-121.656 92.0522 156.064 -120 90 248.5 160 220
-109.233 95.1284 161.394 -110 90 234.5 160 200
-140.904 109.524 152.989 -140 110 273 160 160
-129.916 93.7241 161.355 -130 90 280 160 120
-129.547 111.684 152.877 -130 110 283.5 160 100
-183.471 79.7649 159.297 -180 80 353.5 160 80
-161.657 80.1399 159.695 -160 80 325.5 160 60
-202.226 58.8043 162.924 -200 60 374.5 160 40
-120.038 121.216 141.745 -120 120 297.5 150 340
-120.308 92.0591 155.934 -120 90 259 150 240
-241 -1.03401 178.655 -240 0 437.5 170 80
-109.545 120.414 146.556 -110 120 241.5 150 180
-140.086 73.3687 167.099 -140 70 308 170 40
-86.4477 124.22 148.476 -90 120 227.5 150 160
-96.0032 133.363 147.187 -100 130 259 150 80
-96.0389 115.812 148.709 -100 110 294 150 0
-108.602 74.0267 158.962 -110 70 287 160 320
-88.5041 124.81 140.893 -90 120 262.5 140 340
-98.5921 122.125 141.851 -100 120 262.5 140 320
-132.377 141.233 133.644 -130 140 311.5 140 300
-110.079 100.752 142.729 -110 100 266 140 280
-381.102 90.4352 166.793 -380 90 518 170 160
-162.05 148.795 134.961 -160 150 308 140 220
-164.052 128.73 140.102 -160 130 294 140 200
-91.2009 152.756 132.587 -90 150 255.5 140 100
-99.6895 132.893 138.54 -100 130 273 140 0
-44.995 114.517 128.372 -50 110 224 130 300
-48.1726 113.626 128.389 -50 110 182 130 220
-61.3223 151.139 120.794 -60 150 217 130 180
-92.0262 151.324 128.484 -90 150 252 130 160
-144.328 180.941 126.705 -140 180 315 130 120
-142.783 160.608 132.452 -140 160 329 130 40
-640.363 750.425 130.475 -640 750 1151.5 130 20
-271.596 221.486 140.255 -270 220 430.5 140 140
-109.641 150.254 131.397 -110 150 308 130 0
-23.9959 132.941 119.064 -30 130 213.5 120 320
-130.265 249.981 116.746 -130 250 353.5 120 220
-52.8137 161.464 112.256 -50 160 213.5 120 180
-50.7106 161.331 115.982 -50 160 227.5 120 140
-25.7105 154.425 122.258 -30 150 199.5 120 100
-50.1128 171.231 117.92 -50 170 234.5 120 80
-36.5892 151.281 120.723 -40 150 217 120 40
-47.8431 113.353 124.586 -50 110 203 130 260
-71.8875 151.367 121.595 -70 150 231 130 200
-160.211 60.1983 161.559 -160 60 360.5 160 340
-18.5357 163.004 102.36 -20 160 252 110 320
-18.7603 140.177 108.238 -20 140 185.5 110 200
-29.8629 152.039 113.205 -30 150 196 110 160
-140.306 56.0278 182.108 -140 50 283.5 180 160
-129.852 289.232 113.17 -130 290 371 110 120
-52.1618 180.719 109.224 -50 180 245 110 100
-100.869 151.448 126.534 -100 150 297.5 130 320
-151.672 61.4632 167.255 -150 60 318.5 170 20
-21.2633 181.401 105.88 -20 180 220.5 110 80
-18.8592 161.551 109.114 -20 160 210 110 60
-50.6625 171.975 113.582 -50 170 248.5 110 20
-90.7966 291.891 106.861 -90 290 416.5 110 0
-161.972 -0.394679 187.295 -160 0 350 180 100
-40.3719 270.194 97.8775 -40 270 353.5 100 340
-10.4393 191.999 94.3203 -10 190 262.5 100 320
-10.4113 222.016 92.3592 -10 220 294 100 280
0.611852 161.559 91.9118 0 160 231 100 260
16.7213 99.9907 98.6277 10 100 140 100 220
-19.0067 140.109 102.31 -20 140 203 110 240
-191.428 231.518 129.325 -190 230 462 120 0
-39.6085 161.304 114.306 -40 160 224 120 60
14.9894 111.494 97.9805 10 110 140 100 180
-65.9123 282.08 102.052 -65 280 346.5 110 40
23.2937 131.426 93.9797 20 130 157.5 100 160
-80.636 143.632 132.099 -80 140 241.5 130 140
-52.0194 293.248 96.6721 -50 290 304.5 100 120
22.6689 142.99 94.2807 20 140 171.5 100 100
-40.0611 151.051 111.679 -40 150 217 120 240
-3.84808 168.947 98.4985 -3.2 168.4 206.5 100 80
-31.9192 191.176 101.18 -30 190 248.5 100 20
-11.1013 181.093 96.976 -10 180 231 100 0
22.4596 141.493 88.6776 20 140 196 90 300
-21.0257 190.826 96.53 -20 190 252 90 280
33.3544 120.679 83.5894 30 120 168 90 260
13.8927 110.641 92.7257 10 110 164.5 90 240
19.6933 159.356 84.581 20 160 199.5 90 200
-108.829 123.609 149.847 -110 120 259 150 120
18.1916 170.615 89.3431 20 170 189 90 120
21.7823 153.064 94.7344 20 150 178.5 90 80
45.2208 132.185 88.8993 40 130 154 90 60
44.0037 140.692 87.6786 40 140 175 90 0
-19.9608 179.08 106.989 -20 180 224 100 60
-18.6735 151.753 105.152 -20 150 217 110 300
61.6386 142.442 72.6714 60 140 175 80 340
43.2338 129.755 83.243 40 130 168 80 320
-422.071 -0.0481919 179.91 -420 0 581 180 200
52.1388 129.366 75.258 50 130 178.5 80 300
34.0665 109.611 83.0117 30 110 161 80 260
34.8463 88.7543 80.338 30 90 140 80 240
34.8453 89.9632 80.7378 30 90 129.5 80 200
-80.6677 160.46 118.005 -80 160 273 120 280
20.4941 159.899 88.0888 20 160 206.5 90 320
44.605 100.958 77.767 40 100 133 80 180
-21.3489 181.098 101.535 -20 180 231 100 40
38.8827 232.233 78.4178 40 230 248.5 80 140
57.2702 99.9349 78.2608 50 100 122.5 80 120
-48.6859 113.749 125.27 -50 110 192.5 130 240
52.9528 140.243 84.6838 50 140 157.5 80 60
52.8646 139.756 84.2334 50 140 161 80 40
63.3285 132.106 75.3212 60 130 161 80 0
89.9238 161.043 61.6089 90 160 206.5 70 320
70.41 150.445 67.2219 70 150 199.5 70 300
81.4091 131.607 61.0743 80 130 178.5 70 280
-110.688 170.44 124.275 -110 170 325.5 130 340
-349.66 269.852 142.52 -350 270 511 140 160
13.9537 110.171 95.0497 10 110 147 100 200
55.7612 77.119 69.7485 50 80 112 70 200
2.68025 142.126 98.8977 0 140 199.5 100 300
52.2895 152.858 82.7266 50 150 178.5 80 20
53.5624 78.2734 65.1947 50 80 126 70 220
52.4512 99.7546 69.1348 50 100 140 70 180
109.538 250.564 64.8542 110 250 259 70 120
79.0333 201.38 67.3217 80 200 227.5 70 80
91.9394 108.64 59.4182 90 110 147 60 340
-88.4705 141.882 135.85 -90 140 259 140 40
73.6142 78.8737 55.8544 70 80 129.5 60 280
64.2083 78.679 61.13 60 80 126 60 260
-47.9854 152.723 125.391 -50 150 213.5 120 120
45.4666 48.7005 58.755 40 50 94.5 60 200
73.6988 78.835 56.6479 70 80 115.5 60 140
71.2136 66.4422 58.4441 65 70 98 60 100
199.648 269.351 53.2832 200 270 308 60 80
82.9233 110.859 62.0215 80 110 140 60 40
42.2442 132.278 81.1571 40 130 157.5 80 160
100.47 142.569 58.601 100 140 168 60 20
93.8062 68.4975 45.6491 90 70 112 50 340
-129.109 82.8212 164.77 -130 80 269.5 170 200
66.6096 45.8429 49.9747 60 50 87.5 50 300
63.9884 59.1138 50.502 60 60 122.5 50 260
62.6366 58.7385 49.2973 60 60 126 50 240
49.846 309.654 79.944 50 310 318.5 80 80
61.6765 58.392 48.744 60 60 122.5 50 200
63.5212 60.1863 49.0582 60 60 119 50 180
43.8534 129.902 85.2604 40 130 164.5 90 340
63.8332 57.5058 52.1945 60 60 98 50 140
70.2849 151.543 71.5523 70 150 175 70 20
84.6115 70.0048 47.8538 80 70 112 50 120
-93.9233 189.68 114.87 -90 190 262.5 120 160
83.5506 77.4801 54.1025 80 80 108.5 50 100
60.9286 140.498 69.3044 60 140 192.5 70 260
84.2648 87.136 58.9659 80 89.2 115.5 60 60
76.2393 55.2357 50.7813 70 60 87.5 50 80
29.3967 169.489 88.2733 30 170 196 90 40
-150.524 31.4476 176.708 -150 30 346.5 180 20
109.992 120.606 50.8261 110 120 157.5 50 20
74.9162 109.713 70.5663 70 110 133 70 40
63.2926 67.6687 56.7844 60 70 108.5 60 160
83.3932 47.0459 38.912 80 50 94.5 40 340
90.7433 141.901 62.4853 90 140 171.5 70 0
181.367 141.48 37.5221 180 140 231 40 320
54.1054 25.7611 37.1566 50 30 70 40 260
-141.229 99.602 155.828 -140 100 266 160 180
13.5916 111.528 92.933 10 110 157.5 90 220
33.2954 15.3971 38.2158 30 20 52.5 40 240
-419.738 0.0304443 180.057 -420 0 598.5 180 120
-241.313 80.0403 160.985 -240 80 444.5 160 0
33.0499 16.705 37.8058 30 20 56 40 200
82.1563 69.4494 45.3871 80 70 122.5 40 140
111.645 90.3326 43.8516 110 90 136.5 50 0
110.163 59.0808 31.3419 110 60 129.5 40 120
79.6576 152.122 64.5634 80 150 171.5 60 120
65.3754 36.9217 41.0843 60 40 84 40 280
-92.2558 149.433 125.224 -90 150 241.5 120 200
92.6275 111.05 55.9653 90 110 161 60 320
101.963 78.2165 46.0337 100 80 119 40 0
-151.091 42.1299 175.669 -150 40 332.5 180 40
-74.8577 115.388 148.365 -79.2 110 213.5 150 200
240.312 140.629 29.5536 240 140 241.5 30 340
-161.862 1.7645 178.127 -160 0 339.5 170 60
-86.5068 104.558 150.248 -90 100 238 150 280
92.2756 37.7361 29.0938 90 40 101.5 30 300
-120.667 140.586 143.185 -120 140 269.5 140 120
42.0308 17.7192 30.1067 40 20 70 30 220
-69.5807 152.137 123.663 -70 150 255.5 120 340
33.3633 16.5591 38.1154 30 20 56 40 220
61.8679 58.4575 48.7649 60 60 126 50 220
41.3551 17.6524 29.828 40 20 70 30 200
42.5102 18.2084 29.8101 40 20 70 30 180
20.8315 140.229 90.3649 20 140 161 90 160
-130.692 99.7497 148.797 -130 100 276.5 150 260
61.4716 141.386 73.2344 60 140 175 70 340
62.4654 100.238 64.7952 60 100 136.5 70 160
42.8523 16.7739 29.9593 40 20 59.5 30 140
45.1728 47.0012 59.4884 40 50 87.5 60 180
219.679 259.427 49.0124 220 260 283.5 50 40
44.4019 46.8467 59.0963 40 50 94.5 60 220
34.1551 17.3129 37.6616 30 20 56 40 180
-40.7056 191.7 102.214 -40 190 276.5 110 280
42.6997 15.0875 29.2057 40 20 52.5 30 120
-91.9591 141.501 132.261 -90 140 238 140 180
64.1694 23.8521 31.4447 60 30 63 30 80
-37.8366 131.286 116.696 -40 130 206.5 120 260
-152.478 110.683 145.363 -150 110 325.5 150 320
64.0431 56.88 53.1323 60 60 112 50 280
122.127 59.2408 31.5785 120 60 115.5 30 20
-671.587 270.64 158.051 -670 270 955.5 150 20
62.839 14.3011 21.5392 60 20 56 20 340
73.7772 35.7889 36.5459 70 40 80.5 40 20
-161.114 291.958 118.588 -160 290 427 120 20
102.023 28.3438 20.4523 100 30 98 20 320
-50.1268 159.942 109.139 -50 160 245 110 260
43.2667 18.0927 29.9935 40 20 66.5 30 160
-173.91 59.5909 166.382 -170 60 325.5 170 140
65.7041 35.3302 40.7797 60 40 73.5 40 100
-161.776 50.428 176.9 -160 50 287 180 180
42.6813 142.31 87.1404 40 140 157.5 80 100
31.9971 5.21431 16.9788 30 10 35 20 280
-163.413 7.96816 181.691 -160 10 315 180 240
192.698 133.117 33.6665 190 130 203 30 0
32.6926 6.62308 19.4084 30 10 42 20 260
84.7829 68.0543 50.3164 80 70 112 50 320
31.1299 7.07323 20.1517 30 10 45.5 20 240
43.6087 14.2181 30.4356 40 20 52.5 30 280
24.1441 131.994 96.0506 20 130 157.5 100 140
32.7816 8.36502 20.5833 30 10 52.5 20 220
63.3441 59.0072 50.3693 60 60 108.5 50 160
31.9325 8.36607 20.3673 30 10 52.5 20 180
42.6383 15.757 31.0417 40 20 59.5 30 260
-46.4772 113.304 125.69 -50 110 213.5 130 280
190.979 150.959 38.0928 190 150 262.5 40 300
47.4401 119.791 90.5783 40 120 136.5 90 100
16.6246 101.326 97.7483 10 100 147 100 240
-160.931 72.035 163.142 -160 72.4 315 170 120
42.572 17.2066 30.6581 40 20 66.5 30 240
-81.312 158.138 129.279 -80 154.8 248.5 130 100
31.5033 7.91242 20.1633 30 10 49 20 160
30.6867 171.708 81.3947 30 170 238 80 280
-181.666 18.5439 173.215 -180 20 353.5 180 300
32.0921 7.51958 19.727 30 10 45.5 20 140
71.2509 130.857 63.5715 70 130 192.5 70 240
31.7503 5.49845 16.6592 30 10 35 20 100
64.3364 16.3846 21.9377 60 20 63 20 80
-25.8091 132.559 115.809 -30 130 210 120 300
-172.319 7.96317 180.449 -170 10 336 180 220
86.6368 76.8703 58.205 80 80 108.5 60 0
141.883 70.4639 30.7676 140 70 126 30 40
81.7692 109.424 58.5407 80 110 168 60 300
142.041 50.4481 21.9083 140 50 133 20 0
21.933 142.092 93.9732 20 140 161 90 140
63.1579 110.542 70.0941 60 110 136.5 70 140
60.9615 5.67068 9.73585 60 10 45.5 10 340
-20.2723 151.395 106.186 -20 150 192.5 110 180
-4.57034 140.782 110.569 -10 140 196 110 340
65.4955 15.8024 21.7119 60 20 59.5 20 60
64.3787 6.82357 10.6516 60 10 52.5 10 320
-7.9876 132.278 104.119 -10 130 178.5 110 220
71.5934 16.0271 19.431 70 20 66.5 20 40
-110.174 72.1281 159.58 -110 70 241.5 160 260
139.88 49.7725 21.0189 140 50 147 20 300
-88.9613 133.892 139.037 -90 130 255.5 140 20
60.8176 8.6751 11.1879 60 10 77 10 260
-40.6829 161.718 118.796 -40 160 196 110 140
-112.083 110.245 139.574 -110 110 245 140 240
60.3895 9.11139 10.7456 60 10 87.5 10 240
80.0891 27.4346 25.9048 77.1 30 84 30 60
64.1191 7.59444 11.2205 60 10 59.5 10 300
23.0746 150.847 96.1575 20 150 185.5 90 20
94.1681 38.5629 29.1163 90 40 98 30 320
31.6023 8.23754 20.4329 30 10 52.5 20 200
-145.992 63.0988 172.398 -145.6 60 304.5 170 100
92.9548 58.0882 40.1522 90 60 105 40 60
60.391 9.49812 10.2287 60 10 101.5 10 200
-164.174 119.984 144.703 -160.8 120 325.5 140 60
61.452 7.99509 11.3874 60 10 66.5 10 280
-139.356 92.683 164.275 -140 90 280 160 140
33.398 7.08086 18.8857 30 10 42 20 120
-78.6141 132.664 135.295 -80 130 238 140 260
-88.1146 94.8391 148.401 -90 90 252 150 300
-109.243 133.373 146.556 -110 130 266 150 100
34.4737 16.6768 37.2101 30 20 52.5 40 160
62.332 8.56302 11.1733 60 10 70 10 100
-38.5665 139.104 128.319 -44.2 136.4 206.5 130 80
60.2349 9.49053 10.2042 60 10 101.5 10 180
-133.254 130.938 141.427 -130 130 283.5 150 140
60.8761 9.53833 10.2989 60 10 98 10 160
-230.139 343.621 123.89 -230 343.3 500.5 130 60
-170.263 70.2564 160.855 -170 70 378 160 20
-88.5529 114.546 146.933 -90 110 231 150 220
44.9866 46.3587 60.096 40 50 94.5 60 240
120.279 300.531 67.8998 120 300 318.5 70 100
32.3812 132.238 85.7048 30 130 161 90 180
45.3284 14.6128 28.3203 40 20 49 30 100
-138.875 72.9835 172.713 -140 70 266 170 180
61.3129 7.4987 10.9775 60 10 59.5 10 80
34.6532 89.962 79.8334 30 90 136.5 80 220
68.244 184.724 72.0489 70 180 192.5 70 60
61.6231 6.71166 10.4955 60 10 52.5 10 60
61.852 9.52805 10.542 60 10 91 10 140
94.7559 58.7412 40.6615 90 60 101.5 40 80
-118.802 132.584 144.847 -120 130 304.5 150 40
63.545 6.40487 10.1352 60 10 49 10 40
112.034 111.241 52.5368 110 110 133 50 60
62.552 5.83543 9.68302 60 10 45.5 10 20
-139.363 121.576 150.486 -140 120 318.5 150 60
62.0043 9.16481 10.9185 60 10 80.5 10 120
63.2725 5.86827 9.70835 60 10 45.5 10 0
-99.1168 140.734 137.364 -100 140 262.5 140 80
62.9881 13.5294 20.7874 60 20 52.5 20 20
61.3689 9.5599 10.38 60 10 98 10 220
93.7107 58.4981 40.322 90 60 105 40 40
