45.9402 98.2789 75.0346 40.4 100 276.5 90 300
32.4024 78.8733 76.0076 28 80 248.5 90 280
24.9323 69.1066 75.913 22.1 70 227.5 90 260
22.6543 70.2524 75.6192 20.7 70 224 90 240
12.2147 90.1466 84.648 11 90 189 90 200
47.6799 314.613 76.34 50 310 252 90 120
48.0264 439.457 75.9 50 434.1 332.5 90 80
57.6728 451.316 76.1005 60 450 378 90 60
69.4426 279.235 77.5476 70 280 458.5 90 0
92.7699 180.48 68.6701 90 180 329 80 340
77.2141 97.2115 65.959 70 100 213.5 80 320
63.8552 109.544 65.9194 60 110 294 80 300
32.7277 69.8933 69.7539 30 70 234.5 80 260
29.1515 59.4183 67.5784 27.4 60 203 80 240
57.5697 139.325 76.083 52.5 140 339.5 90 320
21.5193 81.223 77.4776 20 80 189 80 200
31.4958 80.5484 71.2162 30 80 164.5 80 180
41.6937 132.932 78.5037 40 130 147 80 140
72.561 115.612 65.7539 70 115 133 80 120
104.794 213.025 89.5828 100 210 182 80 60
103.713 228.651 91.402 100 230 220.5 80 40
92.6098 210.615 75.9798 90 210 318.5 80 0
102.232 129.229 56.4726 100 130 266 70 320
82.3448 98.4698 55.0939 80 100 255.5 70 300
44.2499 57.805 61.9912 40 60 185.5 70 280
31.1373 49.3599 60.6043 30 50 154 70 200
103.256 221.617 82.8744 100 220 259 80 20
20.3721 129.64 82.1289 20 130 210 70 180
31.3169 59.7908 64.9227 30 60 196 70 220
82.9425 101.592 56.3176 80 100 136.5 70 120
112.945 153.07 67.5574 110 150 140 70 80
130.32 119.139 50.2581 130 120 182 60 340
62.4269 53.3393 46.1092 60 55 178.5 60 280
42.4933 39.0285 47.8943 40 40 154 60 260
30.92 29.2752 46.3632 30 30 122.5 60 200
64.2712 80.0987 54.9832 62.5 80 140 60 140
101.861 88.4871 48.5792 100 90 122.5 60 100
121.777 108.629 52.0046 120 110 122.5 60 80
153.214 132.333 54.0126 150 130 133 60 40
31.3652 111.065 77.9474 30 110 154 80 160
143.631 139.19 63.1387 140 140 147 60 20
142.539 90.5836 39.9507 140 90 143.5 50 340
92.7858 58.8471 37.9224 90 60 161 50 300
60.8592 38.9311 35.3487 60 40 175 50 260
104.142 162.323 75.4744 100 160 143.5 80 80
31.0098 18.7941 35.5184 30 20 101.5 50 240
30.92 29.2752 46.3632 30 30 122.5 50 200
64.8166 190.27 78.3509 60.9 190 392 90 340
12.615 9.37135 46.9319 10 10 42 50 180
61.5109 89.7495 59.8358 60 90 140 50 140
190.321 335.138 55.8566 190 330 332.5 70 20
81.2313 58.8968 40.1694 80 60 126 50 120
101.054 59.7056 36.1618 97.5 60 119 50 100
42.335 54.1226 56.7815 40 55 196 70 260
57.4696 291.906 91.5337 60 290 315 90 40
124.486 69.7494 36.4804 120 70 115.5 50 80
142.529 120.9 51.5962 140 120 126 60 60
146.9 78.5053 40.2947 140 80 105 50 20
151.653 58.4557 28.3551 150 60 119 40 340
51.6 50.1104 46.4485 50 50 143.5 60 160
127.232 161.25 64.3603 125.1 160 206.5 70 0
137.76 169.558 71.8519 135.6 170 157.5 70 40
131.318 58.7117 30.133 130 60 136.5 40 320
52.0391 29.282 32.9999 50 30 140 40 260
16.5651 69.8074 79.7897 15 70 192.5 90 220
31.0098 18.7941 35.5184 30 20 101.5 40 240
20.0194 9.00574 27.6022 20 10 66.5 40 200
41.9389 19.4737 28.2953 40 20 91 40 140
66.2773 29.3047 27.4196 64.1 30 108.5 40 120
152.253 89.162 40.3516 150 90 122.5 50 0
163.288 69.3979 31.0854 160 70 115.5 40 0
71.53 28.2865 26.3284 70 30 126 40 280
81.1001 69.3123 45.5331 79.1 70 126 60 120
111.706 98.7505 47.3132 110 100 196 60 320
153.922 38.7897 19.924 150 40 108.5 30 340
91.5377 17.4925 16.0484 90 20 94.5 30 300
11.3786 3.93217 26.3505 10 4.7 35 30 220
20.5819 9.06702 27.8309 20 10 66.5 40 220
25.9868 19.0918 40.1917 25 20 98 50 220
10.9103 3.7236 24.7021 10 4.4 35 30 200
5.97156 130.941 93.1677 5 130 150.5 90 160
20.1039 9.01379 27.6457 20 10 63 30 180
30.7939 9.15257 19.6721 30 10 70 30 140
40.049 40.1145 47.3656 38.5 40 140 60 180
31.3652 111.065 77.9474 30 110 154 70 160
114.628 140.35 58.8651 111.8 140 227.5 70 340
152.397 98.8696 44.0461 150 100 115.5 50 40
30.3759 19.0954 34.8305 30 20 98 40 180
21.4622 19.0101 47.0056 20 20 87.5 60 220
31.5999 8.30361 19.8445 30 10 56 30 120
90.5863 17.6556 15.2947 90 20 91 30 80
162.631 38.2141 18.931 160 40 101.5 30 20
62.3525 38.1787 37.412 60 40 140 50 280
93.8884 4.95669 5.46853 90 7.2 59.5 20 340
174.474 70.6858 29.0398 170 70 115.5 40 20
62.825 2.93947 5.04833 60 5.4 45.5 20 320
21.8325 9.5719 27.933 20 10 59.5 30 160
92.023 38.6725 27.4695 90 40 112 40 100
83.3707 151.501 73.9709 80 147.7 140 80 100
72.6724 9.08121 9.801 70 10 94.5 20 280
159.959 38.5817 19.6819 155 40 101.5 30 0
11.7596 1.55964 14.7488 10 3.7 21 20 260
113.717 69.1827 39.1669 110 70 143.5 50 320
30.9045 9.16625 19.7202 30 10 80.5 20 240
72.1019 18.5841 18.7361 70 20 108.5 30 280
19.5642 4.20487 14.8002 20 5 56 20 220
47.587 391.741 75.6944 50 390 290.5 90 100
31.1817 8.08155 20.7875 30 10 63 30 260
11.2425 4.36556 27.5219 10 5 35 20 180
101.873 38.27 26.1083 100 40 129.5 40 300
41.1881 29.443 38.3566 40 30 112 50 160
30.9045 9.16625 19.7202 30 10 80.5 30 240
44.1039 68.6149 65.3014 40 70 217 80 280
11.4682 4.11784 26.9142 10 5 31.5 20 160
30.7939 9.15257 19.6721 30 10 70 20 140
31.9435 39.3602 55.3716 30 40 154 70 240
50.5095 8.20471 12.8468 50 10 70 20 100
73.1036 8.47113 9.75441 70 10 77 20 80
142.202 131.07 55.326 140 130 161 60 0
141.036 27.2918 16.126 140 30 94.5 30 40
31.1396 142.115 84.7121 30 140 147 90 140
81.5985 3.92848 5.20159 80 6.9 49 20 0
82.5146 67.6702 46.2153 80 70 178.5 60 300
61.5109 89.7495 59.8358 60 90 140 70 140
0 0 0 0 0 0 10 340
0 0 0 0 0 0 10 320
72.4689 6.93293 9.24315 70 10 59.5 20 60
60.6436 2.85164 5.05204 60 5.8 42 20 40
23.3338 1.03019 5.02298 20 3.6 21 20 300
0 0 0 0 0 0 10 260
0 0 0 0 0 0 10 240
134.174 28.9369 16.5384 130 30 105 30 60
0 0 0 0 0 0 10 300
60.5385 271.037 87.114 60 270 371 90 20
122.639 27.5555 18.6454 120 30 101.5 30 320
10.1159 2.51836 18.9148 10 3.3 31.5 20 200
144.791 69.6298 33.4965 140 70 112 40 60
0 0 0 0 0 0 10 200
9.11414 2.45869e-07 1.54565e-06 10 0 10.5 10 280
20.6106 3.45806 14.0226 20 5 38.5 20 120
23.0627 9.1246 25.1602 22.5 10 63 40 160
11.1204 1.25915e-06 8.63727e-06 10 0 17.5 10 100
0 0 0 0 0 0 10 180
0 0 0 0 0 0 10 160
41.0134 39.0233 46.6317 40 40 168 60 240
-9.27 120.617 97.8485 -10 120 164.5 90 180
72.378 18.682 18.4094 70 20 94.5 30 100
96.8326 119.253 60.5133 95 120 129.5 70 100
0 0 0 0 0 0 10 80
22.0271 39.6027 65.7673 20 40 133 80 220
0 0 0 0 0 0 10 60
133.092 164.364 66.9558 130 160 147 70 60
0 0 0 0 0 0 10 140
123.54 49.3191 27.1386 120 50 115.5 40 80
0 0 0 0 0 0 10 40
143.795 111.38 48.1251 140 110 122.5 50 60
0 0 0 0 0 0 10 120
0 0 0 0 0.2 0 10 20
0 0 0 0 0.5 0 10 0
113.429 7.78348 6.72007 110 10 70 20 20
162.895 69.2254 30.5585 160 70 112 40 40
0 0 0 0 0 0 10 220
