-302.325 105.804 160.373 -300 105 469 160 300
-302.232 107.889 160.021 -300 107.1 469 160 280
-302.081 110.759 159.539 -300 110 469 160 240
-298.983 105.742 160.135 -296.8 105 465.5 160 220
-298.983 105.724 160.138 -297.7 105.3 465.5 160 200
-302.213 108.286 159.955 -300 107.5 469 160 160
-153.926 78.3564 160.19 -151.7 77.8 308 160 120
-302.326 105.769 160.378 -300.1 105 469 160 100
-302.241 107.691 160.055 -300 106.9 469 160 80
-298.946 106.608 159.988 -298 106.3 465.5 160 60
-302.325 105.804 160.373 -300 105 469 160 40
-286.946 166.152 149.675 -285 165 462 150 340
-275.722 155.333 150.134 -275 155 448 150 240
-136.933 106.263 150.318 -135 105 290.5 150 180
-284.453 162.192 150.004 -285 162.5 458.5 150 160
-284.598 161.575 150.109 -285 161.8 458.5 150 80
-132.266 114.857 146.661 -131.9 115 287 150 0
-305.506 109.393 160.014 -305 109.2 472.5 160 320
-254.099 210.987 139.997 -253.4 210.4 444.5 140 340
-256.095 214.774 139.766 -256.4 215 448 140 320
-122.07 128.734 140.423 -120.6 128 280 140 300
-111.707 138.332 135.692 -109.7 136.8 273 140 280
-248.952 205.99 139.992 -247.7 205 437.5 140 220
-248.873 206.175 139.958 -247.4 205 437.5 140 200
-251.533 208.472 139.999 -250.7 207.8 441 140 100
-302.234 107.847 160.029 -300.4 107.2 469 160 260
-254.456 210.172 140.142 -252.8 208.8 444.5 140 20
-251.409 208.756 139.948 -251.2 208.6 441 140 0
-101.839 144.372 132.217 -101.3 144.5 266 130 300
-213.018 250.931 130.006 -212.9 250.8 427 130 220
-75.7898 155.9 123.379 -75 155 248.5 130 180
-214.618 254.568 129.861 -215 255 430.5 130 160
-214.618 254.568 129.861 -215 255 430.5 130 120
-85.6565 153.091 126.257 -85 152.9 255.5 130 40
-214.618 254.568 129.861 -215 255 430.5 130 20
-254.078 211.035 139.988 -253.2 210.3 444.5 140 140
-215.48 253.3 130.11 -214.9 252.6 430.5 130 0
-163.208 279.974 119.865 -163.6 280.7 406 120 320
-149.762 274.335 118.072 -150 275 392 120 220
-149.762 274.335 118.072 -150 275 392 120 180
-168.393 284.326 120.349 -168.8 285 413 120 140
-164.18 283.783 119.731 -163.2 282.1 409.5 120 100
-167.392 285.344 120.115 -167.2 285 413 120 80
-166.124 286.616 119.822 -165.2 285 413 120 40
-210.659 248.412 129.927 -209.6 247.2 423.5 130 260
-101.749 144.554 132.124 -100.3 143.4 266 130 200
-151.004 86.7846 157.151 -150.6 87.2 304.5 160 340
-111.535 301.37 109.945 -111 300 388.5 110 320
-100.297 300.736 108.027 -100 300 381.5 110 200
-100.297 300.736 108.027 -100 300 381.5 110 160
-111.535 301.37 109.945 -111 300 388.5 110 120
-33.9258 165.816 108.222 -33.2 164.4 224 110 100
-75.165 156.738 122.848 -73.9 155 248.5 130 320
-111.695 301.26 109.978 -111.2 300 388.5 110 80
-111.775 301.205 109.994 -111.3 300 388.5 110 60
-112.783 304.624 110.001 -113.1 305.5 392 110 20
-111.855 301.15 110.01 -111.4 300 388.5 110 0
-57.5675 315.937 100.028 -57.3 314.5 374.5 100 340
-57.0169 316.176 99.9263 -56.8 315 374.5 100 320
-57.1068 319.844 99.8719 -57.2 320.3 378 100 280
-57.5758 315.934 100.03 -57.4 315 374.5 100 260
2.05892 163.634 95.3646 2.4 162.5 203 100 220
-110.73 301.921 109.781 -110 300 388.5 110 240
-161.921 276.472 119.924 -161 275 402.5 120 0
-165.933 286.807 119.778 -164.9 285 413 120 60
-55.2392 316.936 99.5989 -54.9 315 374.5 100 180
-110.73 301.921 109.781 -110 300 388.5 110 40
-57.0414 316.166 99.9308 -56.7 314.3 374.5 100 160
-92.0182 148.938 129.093 -91 148 259 130 140
-50.1789 326.376 98.5547 -50 325 381.5 100 120
-56.8303 316.257 99.8918 -56.6 315 374.5 100 100
-165.997 286.744 119.792 -165 285 413 120 240
-8.14203 166.286 98.6952 -7.6 165.6 210 100 80
-10.4019 165.124 99.9833 -9.9 163 210 100 20
-57.3896 316.015 99.9951 -57.2 315 374.5 100 0
-0.709058 316.434 89.8521 -0.7 315 357 90 300
-1.41258 316.282 89.9767 -1.4 315 357 90 280
-0.062316 306.085 89.6003 0 305 346.5 90 260
-1.41258 316.282 89.9767 -1.4 315 357 90 240
9.38391 166.395 91.5349 10 165 203 90 200
-140.236 105.842 150.155 -138.3 105 294 150 120
0.0322251 327.085 89.8293 0 325 367.5 90 120
-1.51302 316.261 89.9945 -1.5 315 357 90 80
-1.41258 316.282 89.9767 -1.4 315 357 90 60
22.5347 159.743 87.4123 22.8 159.3 192.5 90 0
-57.3896 316.015 99.9951 -57.2 315 374.5 100 60
-112.46 304.844 109.936 -112.4 304.7 392 110 300
40.8614 155.814 79.9862 41 155.2 185.5 80 340
43.0141 155.955 79.0161 43.1 155 185.5 80 320
52.265 305.494 80.0176 52.2 305 339.5 80 300
53.07 305.511 79.8742 53 305 339.5 80 260
42.2216 155.907 79.366 41.9 153.5 185.5 80 240
44.9131 156.046 78.1782 45 155 185.5 80 200
-165.869 286.871 119.763 -164.8 285 413 120 280
-1.31212 316.304 89.9589 -1.3 315 357 90 320
54.9758 295.244 79.0697 55 295 329 80 180
-56.8303 316.257 99.8918 -56.6 315 374.5 100 40
52.3657 305.497 79.9997 52.3 305 339.5 80 140
52.3657 305.497 79.9997 52.3 305 339.5 80 0
104.563 290.783 70.0001 104.3 290 329 70 320
105.219 290.656 69.8792 105 290 329 70 300
63.0656 148.377 70.6517 62.6 146.6 178.5 70 280
-105.452 144.377 132.486 -105 145 269.5 130 340
-122.23 128.226 140.669 -120.9 127.6 280 140 160
-57.4827 315.974 100.012 -57.3 315 374.5 100 200
69.7675 143.773 67.7088 69.5 142.8 175 70 200
-56.9932 312.475 99.9914 -56.7 311 371 100 300
52.5669 305.501 79.9638 52.5 305 339.5 80 20
100.304 281.041 70.0323 100 280 318.5 70 220
64.6795 151.608 69.9131 64.5 150 182 70 180
59.9183 152.184 71.9105 59.5 150 182 70 120
100.775 280.954 69.9431 100.5 280 318.5 70 80
86.3335 135.358 60.1934 85.6 133.8 171.5 60 340
-251.346 208.901 139.922 -250 207.8 441 140 40
86.0636 131.751 59.9744 85 130 168 60 280
84.4344 139.73 61.3407 85 140 175 60 260
-165.022 282.938 119.928 -165.4 283.6 409.5 120 120
85.7472 135.58 60.4561 85 134 171.5 60 200
144.466 253.511 60.028 145 254.3 304.5 60 140
145.935 256.66 60.1125 145 254.9 308 60 100
144.65 253.434 59.9898 145 253.9 304.5 60 80
84.4344 139.73 61.3407 85 140 175 60 40
40.9405 155.82 79.9498 41 154.9 185.5 80 160
85.8075 135.557 60.4291 85.9 135.3 171.5 60 20
105.628 117.554 50.2132 105 116.7 164.5 50 340
108.396 119.882 49.6543 108.8 120 168 50 300
109.608 114.769 48.2617 110 115 164.5 50 260
110.047 110.072 47.1609 110 110 161 50 240
55.0808 305.542 79.516 55 305 339.5 80 80
106.894 116.693 49.5972 105.4 114.9 164.5 50 200
109.608 114.769 48.2617 110 115 164.5 50 180
13.6549 164.265 90.251 14.3 165 199.5 90 340
108.703 119.672 49.5101 109.3 120 168 50 140
103.255 287.515 69.9915 102.6 285.6 325.5 70 20
100.545 120.766 52.6717 100 120 164.5 50 120
-161.289 277.118 119.773 -160 275 402.5 120 160
106.003 121.471 50.775 105 120 168 50 100
64.5758 148.165 69.988 65 148.4 178.5 70 260
87.2325 135.008 59.7964 87.5 135 171.5 60 60
106.003 121.471 50.775 105 120 168 50 80
-1.11115 316.347 89.9233 -1.1 315 357 90 40
106.079 117.25 49.9943 105 115.9 164.5 50 20
100.304 281.041 70.0323 100 280 318.5 70 40
146.795 256.299 59.9355 145.6 254.1 308 60 160
125.569 100.741 40.0414 124 99.3 164.5 40 340
100.304 281.041 70.0323 100 280 318.5 70 0
123.28 98.0792 40.0482 122.4 97.3 161 40 320
125.624 100.684 40.0115 125 100 164.5 40 260
-302.236 107.79 160.038 -300 107 469 160 180
-2.01504 316.151 90.0834 -2 315 357 90 220
125.624 100.684 40.0115 125 100 164.5 40 240
53.5317 308.954 79.9349 53.7 309.9 343 80 40
125.624 100.684 40.0115 125 100 164.5 40 140
106.003 121.471 50.775 105 120 168 50 0
123.679 97.6576 39.8227 123.2 97.2 161 40 120
87.1813 135.028 59.8189 87.5 135.1 171.5 60 120
125.624 100.684 40.0115 125 100 164.5 40 280
-149.762 274.335 118.072 -150 275 392 120 200
86.0636 131.751 59.9744 85 130 168 60 320
125.624 100.684 40.0115 125 100 164.5 40 0
-284.244 163.071 149.855 -285 163.5 458.5 150 200
140.281 75.5105 29.3044 138.9 74.7 161 30 340
28.6192 157.6 85.1243 28.5 155.6 189 90 20
140.464 75.202 29.1705 140.4 75.1 161 30 320
-286.946 166.152 149.675 -285 165 462 150 280
139.212 77.2756 30.0744 138.3 76.7 161 30 300
-251.362 208.865 139.928 -250.3 208 441 140 120
139.35 77.0521 29.9764 139.2 76.9 161 30 220
-161.289 277.118 119.773 -160 275 402.5 120 340
124.538 101.81 40.601 125 102 164.5 40 220
107.465 120.511 50.0903 107.3 120 168 50 220
139.269 77.1843 30.0344 138.7 76.8 161 30 200
139.439 76.9053 29.9122 140.1 77.2 161 30 180
-0.00494185 316.585 89.7274 0 315 357 90 160
-284.785 160.771 150.245 -283.6 160.1 458.5 150 260
65.149 151.54 69.7161 65 150 182 70 340
64.6217 144.692 70.0149 65 145.3 175 70 160
136.586 74.8649 29.9473 135 74 157.5 30 140
88.2392 134.606 59.3534 87.4 132.9 171.5 60 180
106.003 121.471 50.775 105 120 168 50 40
86.7341 135.203 60.0152 87 135.2 171.5 60 220
124.76 96.4952 39.206 125 96.6 161 40 180
-111.695 301.26 109.978 -111.2 300 388.5 110 280
136.764 81.1188 31.7771 135 80 161 30 120
-248.899 206.113 139.97 -247.5 205 437.5 140 180
137.571 79.8815 31.2247 137.9 80 161 30 80
-165.522 282.432 120.045 -165.2 281.9 409.5 120 260
-140.365 104.795 150.626 -139.9 105 294 150 320
106.608 116.889 49.737 106.4 116.5 164.5 50 280
141.17 80.7474 30.6575 140.1 80 164.5 30 20
-132.225 115.067 146.564 -131.6 115 287 150 20
151.274 52.8046 19.9176 149.1 52 161 20 340
121.77 99.6443 40.8945 122.3 100 161 40 20
-75.1941 156.699 122.872 -75 157.2 248.5 120 20
151.5 52.2083 19.6814 151.9 52.3 161 20 320
-111.618 301.313 109.962 -111.4 300.8 388.5 110 260
141.561 73.3183 28.3577 140.3 72.6 161 30 160
139.002 77.6172 30.2242 138.2 77.1 161 30 0
150.974 53.5827 20.2265 148.9 52.8 161 20 260
108.858 115.312 48.6334 109.2 115.5 164.5 50 320
151.212 52.9659 19.9816 150.3 52.6 161 20 240
122.37 99.0287 40.5599 120.7 97.6 161 40 100
55.168 315.853 79.9231 55 315 350 80 100
151.086 53.2944 20.112 150.1 52.9 161 20 280
139.335 77.0757 29.9868 138.6 76.6 161 30 280
-50.0759 315.405 98.7096 -50 315 371 100 140
151.456 52.3248 19.7275 149.2 51.5 161 20 220
100.545 120.766 52.6717 100 120 164.5 50 160
151.171 53.0732 20.0242 149.1 52.3 161 20 180
139.294 77.1428 30.0162 138.8 76.8 161 30 260
-212.837 251.199 129.953 -211.9 250.1 427 130 280
123.471 97.8776 39.9403 123.6 97.9 161 40 300
-0.00494185 316.585 89.7274 0 315 357 90 100
-57.2033 316.096 99.9607 -57 315 374.5 100 240
135.845 76.0684 30.4902 135 75.6 157.5 30 240
-84.9545 154.169 125.646 -83.3 152.3 255.5 130 100
151.712 51.6433 19.458 152.6 51.9 161 20 160
54.9933 312.413 79.8174 55 312.5 346.5 80 280
151.197 53.006 19.9975 149.6 52.4 161 20 140
76.2959 142.238 64.8406 75.4 140 175 70 240
-302.222 108.088 159.988 -300 107.3 469 160 0
125.624 100.684 40.0115 125 100 164.5 40 200
151.378 52.532 19.8096 149.4 51.8 161 20 100
151.188 53.0281 20.0063 150.1 52.6 161 20 80
-165.869 286.871 119.763 -164.8 285 413 120 300
85.8432 135.544 60.4131 85.5 134.6 171.5 60 0
135.706 76.2919 30.5914 135 75.9 157.5 30 40
86.0636 131.751 59.9744 85 130 168 60 300
151.367 52.5594 19.8204 149.6 51.9 161 20 0
0.0322251 327.085 89.8293 0 325 367.5 90 140
105.219 290.656 69.8792 105 290 329 70 140
7 -5.5183e-27 0 5 0 7 10 340
-100.297 300.736 108.027 -100 300 381.5 110 180
-111.775 301.205 109.994 -111.3 300 388.5 110 340
151.13 53.1793 20.0663 149.9 52.7 161 20 60
14 6.86759e-41 2.8106e-40 15 0 14 10 320
-111.695 301.26 109.978 -111.2 300 388.5 110 220
151.221 52.9436 19.9727 149.8 52.4 161 20 40
42.3124 155.913 79.3259 42.4 155 185.5 80 120
-85.4042 153.481 126.035 -85 153.8 255.5 130 240
55.168 315.853 79.9231 55 315 350 80 60
45.5 -9.6234e-25 0 45 0 45.5 10 260
-111.775 301.205 109.994 -111.3 300 388.5 110 140
-251.507 208.532 139.988 -250 207.3 441 140 240
7 -1.6544e-27 0 5 0 7 10 240
136.764 81.1188 31.7771 135 80 161 30 60
56 -1.90564e-24 1.43419e-23 55 0 56 10 300
125.624 100.684 40.0115 125 100 164.5 40 60
0 0 0 0.6 0 0 10 200
-249.032 205.806 140.025 -248 205 437.5 140 60
0 0 0 0 0 0 10 280
-153.897 77.8955 160.388 -153.2 78.1 308 160 140
151.197 53.006 19.9975 149.6 52.4 161 20 120
-249.554 204.585 140.246 -250 205 437.5 140 260
-140.403 104.471 150.771 -140.4 105 294 150 300
125.58 100.729 40.0353 124.9 100 164.5 40 160
-286.946 166.152 149.675 -285 165 462 150 100
3.5 1.73458e-27 2.83955e-26 3 0 3.5 10 100
-91.475 149.865 128.565 -90 148.3 259 130 80
7 1.75661e-31 1.43781e-30 5 0 7 10 180
-284.619 161.487 150.124 -285 161.7 458.5 150 140
7 2.87455e-24 4.70571e-23 5 0 7 10 160
-214.025 255.43 129.691 -213.6 254.9 430.5 130 60
-153.862 77.35 160.622 -153.9 77.9 308 160 20
-281.167 161.525 149.774 -280.4 161.1 455 150 220
86.8204 135.17 59.9773 86.4 134.1 171.5 60 240
65.149 151.54 69.7161 65 150 182 70 100
-0.00494185 316.585 89.7274 0 315 357 90 180
140.509 75.1259 29.1375 140.4 75 161 30 100
0 0 0 0 0 0 10 80
44.9131 156.046 78.1782 45 155 185.5 80 220
75.1519 142.537 65.3444 75 141.7 175 70 60
7 5.86496e-18 9.60107e-17 5 0 7 10 60
14 2.2841e-18 1.24638e-17 15 0 14 10 140
125.624 100.684 40.0115 125 100 164.5 40 80
-136.246 110.936 148.178 -135 110.5 290.5 150 40
0 0 0 0 0 0 10 40
104.732 118.149 50.6462 105 118.3 164.5 50 60
7 2.68993e-27 4.40348e-26 6.3 0 7 10 20
-284.966 159.982 150.378 -285 160 458.5 150 60
155.09 26.3173 10.0275 155 26.3 157.5 10 120
7 0 0 5 0 7 10 0
-250.829 210.079 139.71 -250 209.4 441 140 80
154.384 54.4683 19.9998 155 54.6 164.5 20 20
14 5.92781e-25 2.42599e-24 15 0 14 10 220
125.624 100.684 40.0115 125 100 164.5 40 40
