25,0 0,0 4.4375,0 8.875,0 13.3125,0 17.75,0 22.1875,0 
50,0 0,0 4.4375,0 8.875,0 13.3125,0 17.75,0 22.1875,0 26.625,0 31.0625,0 35.5,0 39.9375,0 44.375,0 48.8125,0 
75,0 0,0 4.4375,0 8.875,0 13.3125,0 17.75,0 22.1875,0 26.625,0 31.0625,0 35.5,0 39.9375,0 44.375,0 48.8125,0 53.25,0 57.6875,0 62.125,0 66.5625,0 71,0 
100,0 0,0 4.4375,0 8.875,0 13.3125,0 17.75,0 22.1875,0 26.625,0 31.0625,0 35.5,0 39.9375,0 44.375,0 48.8125,0 53.25,0 57.6875,0 62.125,0 66.5625,0 71,0 75.4375,0 79.875,0 84.3125,0 88.75,0 93.1875,0 97.625,0 
90,6.4 0,0 4.4375,0 8.87481,0.0365589 13.3116,0.108463 17.7475,0.214286 22.1822,0.352423 26.6157,0.521127 31.0476,0.718541 35.4779,0.942729 39.9065,1.1917 44.3335,1.46344 48.7587,1.75593 53.1824,2.06716 57.6045,2.39515 62.0251,2.738 66.4445,3.09383 70.8627,3.46087 75.2799,3.8374 79.6962,4.22183 84.1118,4.61263 88.5269,5.00838 
90,-6.4 0,0 4.4375,0 8.87481,-0.0365583 13.3116,-0.108463 17.7475,-0.214287 22.1822,-0.352423 26.6157,-0.521127 31.0476,-0.718541 35.4779,-0.94273 39.9065,-1.1917 44.3335,-1.46344 48.7587,-1.75593 53.1824,-2.06716 57.6045,-2.39515 62.0251,-2.738 66.4445,-3.09383 70.8627,-3.46087 75.2799,-3.8374 79.6962,-4.22183 84.1118,-4.61263 88.5269,-5.00838 
140,60 0,0 4.4375,0 8.86911,0.202919 13.2838,0.60191 17.6718,1.18856 22.0247,1.95315 26.3359,2.88495 30.6002,3.97246 34.814,5.20373 38.9752,6.56654 43.0834,8.04867 47.1392,9.63808 51.1444,11.3231 55.1018,13.0924 59.0148,14.9354 62.8874,16.8419 66.7242,18.8026 70.5297,20.8087 74.3088,22.8521 78.0661,24.9254 81.8062,27.0219 85.5337,29.1352 89.2524,31.26 92.9663,33.3911 96.6789,35.5239 100.393,37.6546 104.112,39.7794 107.837,41.8954 111.572,43.9996 115.316,46.0899 119.073,48.1642 122.842,50.2209 126.626,52.2586 130.423,54.2765 134.235,56.2736 138.061,58.2496 
140,-60 0,0 4.4375,0 8.86911,-0.202919 13.2838,-0.60191 17.6718,-1.18856 22.0247,-1.95315 26.3359,-2.88495 30.6002,-3.97246 34.814,-5.20373 38.9752,-6.56654 43.0834,-8.04867 47.1392,-9.63808 51.1444,-11.3231 55.1018,-13.0924 59.0148,-14.9354 62.8874,-16.8419 66.7242,-18.8026 70.5297,-20.8087 74.3088,-22.8521 78.0661,-24.9254 81.8062,-27.0219 85.5337,-29.1352 89.2524,-31.26 92.9663,-33.3911 96.6789,-35.5239 100.393,-37.6546 104.112,-39.7794 107.837,-41.8954 111.572,-43.9996 115.316,-46.0899 119.073,-48.1642 122.842,-50.2209 126.626,-52.2586 130.423,-54.2765 134.235,-56.2736 138.061,-58.2496 
120.9,100 0,0 4.4375,0 8.86516,0.262254 13.2634,0.785287 17.6126,1.56616 21.8938,2.60048 26.0881,3.88243 30.1772,5.40481 34.1433,7.15906 37.9695,9.13531 41.6426,11.3185 45.1606,13.683 48.5257,16.2043 51.7436,18.8594 54.8234,21.6272 57.7762,24.4887 60.6151,27.4272 63.3539,30.4281 66.007,33.4788 68.5889,36.5685 71.1135,39.6879 73.5942,42.8294 76.0434,45.9861 78.4725,49.1523 80.8919,52.3231 83.3108,55.4942 85.7373,58.6616 88.1785,61.8222 90.6403,64.9728 93.1279,68.1108 95.6454,71.2339 98.1961,74.3399 100.783,77.4272 103.407,80.494 106.069,83.5392 108.772,86.5617 111.514,89.5606 114.295,92.5354 117.116,95.4857 119.974,98.4114 
120.9,-100 0,0 4.4375,0 8.86516,-0.262254 13.2634,-0.785288 17.6126,-1.56616 21.8938,-2.60048 26.0881,-3.88243 30.1772,-5.40481 34.1433,-7.15906 37.9695,-9.13531 41.6426,-11.3185 45.1606,-13.683 48.5257,-16.2043 51.7436,-18.8594 54.8234,-21.6272 57.7762,-24.4887 60.6151,-27.4272 63.3539,-30.4281 66.007,-33.4788 68.5889,-36.5685 71.1135,-39.6879 73.5942,-42.8294 76.0434,-45.9861 78.4725,-49.1523 80.8919,-52.3231 83.3108,-55.4942 85.7373,-58.6616 88.1785,-61.8222 90.6403,-64.9728 93.128,-68.1108 95.6454,-71.2339 98.1961,-74.3399 100.783,-77.4272 103.407,-80.494 106.069,-83.5392 108.772,-86.5617 111.514,-89.5606 114.295,-92.5354 117.116,-95.4857 119.974,-98.4114 
90,170 0,0 4.4375,0 8.86516,0.262254 13.2634,0.785287 17.6126,1.56616 21.8938,2.60048 26.0881,3.88243 30.1772,5.40481 34.1433,7.15906 37.9695,9.13531 41.6394,11.3224 45.1379,13.7082 48.4503,16.2791 51.5634,19.0207 54.465,21.9177 57.144,24.9537 59.5906,28.1116 61.7964,31.3738 63.7541,34.7218 65.4582,38.1368 66.9042,41.5997 68.0892,45.0909 69.012,48.5909 69.6726,52.0799 70.0942,55.5417 70.3165,58.9678 70.383,62.3577 70.3337,65.7157 70.2039,69.049 70.0243,72.3659 69.8209,75.6748 69.6158,78.983 69.4277,82.2971 69.2718,85.6219 69.1612,88.9613 69.1062,92.3176 69.1155,95.6923 69.1959,99.0857 69.3528,102.498 69.5903,105.927 69.9113,109.372 70.3178,112.832 70.8106,116.303 71.3901,119.785 72.0558,123.274 72.8065,126.769 73.6408,130.268 74.5564,133.768 75.5509,137.267 76.6215,140.765 77.765,144.259 78.9783,147.748 80.2577,151.231 81.5996,154.708 83.0004,158.177 84.4562,161.638 85.9635,165.092 87.5183,168.537 
90,-170 0,0 4.4375,0 8.86516,-0.262254 13.2634,-0.785288 17.6126,-1.56616 21.8938,-2.60048 26.0881,-3.88243 30.1772,-5.40481 34.1433,-7.15906 37.9695,-9.13531 41.6394,-11.3224 45.1379,-13.7082 48.4503,-16.2791 51.5634,-19.0207 54.465,-21.9177 57.144,-24.9537 59.5906,-28.1116 61.7964,-31.3738 63.7541,-34.7218 65.4582,-38.1368 66.9042,-41.5997 68.0892,-45.0909 69.012,-48.5909 69.6726,-52.0799 70.0942,-55.5417 70.3165,-58.9678 70.383,-62.3577 70.3337,-65.7157 70.2039,-69.049 70.0243,-72.3659 69.8209,-75.6748 69.6158,-78.983 69.4277,-82.2971 69.2718,-85.6219 69.1612,-88.9613 69.1062,-92.3176 69.1155,-95.6923 69.1959,-99.0857 69.3528,-102.498 69.5903,-105.927 69.9113,-109.372 70.3178,-112.832 70.8106,-116.303 71.3901,-119.785 72.0558,-123.274 72.8066,-126.769 73.6408,-130.268 74.5564,-133.768 75.5509,-137.267 76.6215,-140.765 77.7651,-144.259 78.9783,-147.748 80.2577,-151.231 81.5996,-154.708 83.0004,-158.177 84.4563,-161.638 85.9635,-165.092 87.5183,-168.537 
20,210 0,0 4.4375,0 8.86516,0.262254 13.2634,0.785287 17.6126,1.56616 21.8938,2.60048 26.0881,3.88243 30.1772,5.40481 34.1433,7.15906 37.9695,9.13531 41.6394,11.3224 45.1379,13.7082 48.4503,16.2791 51.5634,19.0207 54.465,21.9177 57.144,24.9537 59.5906,28.1116 61.7964,31.3738 63.7541,34.7218 65.4582,38.1368 66.9042,41.5997 68.0892,45.0909 69.012,48.5909 69.6726,52.0799 70.0725,55.5384 70.2148,58.9468 70.1039,62.2861 69.7458,65.5375 69.1477,68.6826 68.3306,71.711 67.3322,74.6269 66.1849,77.4383 64.9162,80.1554 63.5487,82.7892 62.1008,85.3504 60.5877,87.8493 59.0217,90.2952 57.4126,92.6962 55.7685,95.0595 54.0958,97.3913 52.3999,99.6967 50.685,101.98 48.9546,104.246 47.2115,106.496 45.4581,108.734 43.7039,110.971 41.9656,113.228 40.2562,115.518 38.5866,117.853 36.9654,120.241 35.3999,122.687 33.8958,125.195 32.4579,127.765 31.0899,130.399 29.7948,133.094 28.5747,135.85 27.431,138.664 26.3645,141.534 25.3756,144.456 24.4639,147.427 23.6289,150.445 22.8694,153.506 22.1841,156.607 21.5712,159.745 21.0286,162.917 20.5543,166.12 20.1456,169.35 19.8001,172.607 19.515,175.886 19.2874,179.187 19.1145,182.506 18.9932,185.842 18.9206,189.193 18.8937,192.557 18.9095,195.934 18.9651,199.321 19.0575,202.717 19.184,206.122 19.3419,209.534 
20,-210 0,0 4.4375,0 8.86516,-0.262254 13.2634,-0.785288 17.6126,-1.56616 21.8938,-2.60048 26.0881,-3.88243 30.1772,-5.40481 34.1433,-7.15906 37.9695,-9.13531 41.6394,-11.3224 45.1379,-13.7082 48.4503,-16.2791 51.5634,-19.0207 54.465,-21.9177 57.144,-24.9537 59.5906,-28.1116 61.7964,-31.3738 63.7541,-34.7218 65.4582,-38.1368 66.9042,-41.5997 68.0892,-45.0909 69.012,-48.5909 69.6726,-52.0799 70.0725,-55.5384 70.2148,-58.9468 70.1039,-62.2861 69.7458,-65.5375 69.1477,-68.6826 68.3306,-71.711 67.3322,-74.6269 66.1849,-77.4383 64.9162,-80.1554 63.5487,-82.7892 62.1008,-85.3504 60.5877,-87.8493 59.0217,-90.2952 57.4126,-92.6962 55.7685,-95.0595 54.0958,-97.3913 52.3999,-99.6967 50.685,-101.98 48.9546,-104.246 47.2115,-106.496 45.4581,-108.734 43.7039,-110.971 41.9656,-113.228 40.2562,-115.518 38.5866,-117.853 36.9654,-120.241 35.3999,-122.687 33.8958,-125.195 32.4579,-127.765 31.0899,-130.399 29.7948,-133.094 28.5747,-135.85 27.431,-138.664 26.3645,-141.534 25.3756,-144.456 24.4639,-147.427 23.6289,-150.445 22.8694,-153.506 22.1841,-156.607 21.5712,-159.745 21.0286,-162.917 20.5543,-166.12 20.1457,-169.35 19.8001,-172.607 19.515,-175.886 19.2874,-179.187 19.1145,-182.506 18.9932,-185.842 18.9206,-189.193 18.8937,-192.557 18.9095,-195.934 18.9651,-199.321 19.0575,-202.717 19.184,-206.122 19.3419,-209.534 
-50,210 0,0 4.4375,0 8.86516,0.262254 13.2634,0.785287 17.6126,1.56616 21.8938,2.60048 26.0881,3.88243 30.1772,5.40481 34.1433,7.15906 37.9695,9.13531 41.6394,11.3224 45.1379,13.7082 48.4503,16.2791 51.5634,19.0207 54.465,21.9177 57.144,24.9537 59.5906,28.1116 61.7964,31.3738 63.7541,34.7218 65.4582,38.1368 66.9042,41.5997 68.0892,45.0909 69.012,48.5909 69.6726,52.0799 70.0725,55.5384 70.2148,58.9468 70.1039,62.2861 69.7458,65.5375 69.1477,68.6826 68.3182,71.7038 67.2674,74.5842 66.0063,77.3074 64.5473,79.8583 62.9144,82.2339 61.1446,84.4521 59.2675,86.5324 57.3067,88.4945 55.2805,90.3564 53.2034,92.1346 51.0862,93.8432 48.9377,95.4943 46.7643,97.0983 44.5714,98.6637 42.3629,100.197 40.142,101.706 37.9112,103.193 35.6725,104.663 33.4274,106.12 31.1773,107.565 28.9231,109.001 26.6655,110.43 24.4053,111.853 22.143,113.271 19.879,114.685 17.6135,116.097 15.347,117.505 13.0795,118.912 10.8113,120.316 8.54251,121.72 6.27324,123.122 4.01066,124.54 1.76352,125.992 -0.460968,127.492 -2.65679,129.052 -4.81884,130.678 -6.94278,132.374 -9.02497,134.143 -11.0624,135.987 -13.0525,137.905 -14.9934,139.897 -16.8835,141.959 -18.7219,144.091 -20.5079,146.289 -22.2413,148.551 -23.922,150.874 -25.5504,153.254 -27.1272,155.689 -28.6532,158.175 -30.1295,160.71 -31.5574,163.29 -32.9381,165.912 -34.2733,168.574 -35.5645,171.272 -36.8136,174.005 -38.0223,176.77 -39.1924,179.564 -40.3259,182.386 -41.4246,185.232 -42.4904,188.102 -43.5252,190.994 -44.531,193.905 -45.5094,196.834 -46.4624,199.779 -47.3917,202.74 -48.2991,205.714 -49.1861,208.701 
-50,-210 0,0 4.4375,0 8.86516,-0.262254 13.2634,-0.785288 17.6126,-1.56616 21.8938,-2.60048 26.0881,-3.88243 30.1772,-5.40481 34.1433,-7.15906 37.9695,-9.13531 41.6394,-11.3224 45.1379,-13.7082 48.4503,-16.2791 51.5634,-19.0207 54.465,-21.9177 57.144,-24.9537 59.5906,-28.1116 61.7964,-31.3738 63.7541,-34.7218 65.4582,-38.1368 66.9042,-41.5997 68.0892,-45.0909 69.012,-48.5909 69.6726,-52.0799 70.0725,-55.5384 70.2148,-58.9468 70.1039,-62.2861 69.7458,-65.5375 69.1477,-68.6826 68.3182,-71.7038 67.2674,-74.5842 66.0063,-77.3074 64.5473,-79.8583 62.9144,-82.2339 61.1446,-84.4521 59.2675,-86.5324 57.3067,-88.4945 55.2805,-90.3564 53.2034,-92.1346 51.0862,-93.8432 48.9377,-95.4943 46.7644,-97.0983 44.5714,-98.6637 42.3629,-100.197 40.142,-101.706 37.9112,-103.193 35.6725,-104.663 33.4274,-106.12 31.1773,-107.565 28.9231,-109.001 26.6655,-110.43 24.4053,-111.853 22.143,-113.271 19.879,-114.685 17.6135,-116.097 15.347,-117.505 13.0795,-118.912 10.8113,-120.316 8.54251,-121.72 6.27324,-123.122 4.01066,-124.54 1.76352,-125.992 -0.460966,-127.492 -2.65679,-129.052 -4.81884,-130.678 -6.94278,-132.374 -9.02497,-134.143 -11.0624,-135.987 -13.0525,-137.905 -14.9934,-139.897 -16.8835,-141.959 -18.7219,-144.091 -20.5079,-146.289 -22.2413,-148.551 -23.922,-150.874 -25.5504,-153.254 -27.1272,-155.689 -28.6532,-158.175 -30.1295,-160.71 -31.5574,-163.29 -32.9381,-165.912 -34.2733,-168.574 -35.5645,-171.272 -36.8136,-174.005 -38.0223,-176.77 -39.1924,-179.564 -40.3259,-182.386 -41.4246,-185.232 -42.4904,-188.102 -43.5252,-190.994 -44.5309,-193.905 -45.5094,-196.834 -46.4624,-199.779 -47.3917,-202.74 -48.2991,-205.714 -49.1861,-208.701 
-120,170 0,0 4.4375,0 8.86516,0.262254 13.2634,0.785287 17.6126,1.56616 21.8938,2.60048 26.0881,3.88243 30.1772,5.40481 34.1433,7.15906 37.9695,9.13531 41.6394,11.3224 45.1379,13.7082 48.4503,16.2791 51.5634,19.0207 54.465,21.9177 57.144,24.9537 59.5906,28.1116 61.7964,31.3738 63.7541,34.7218 65.4582,38.1368 66.9042,41.5997 68.0892,45.0909 69.012,48.5909 69.6726,52.0799 70.0725,55.5384 70.2148,58.9468 70.1039,62.2861 69.7458,65.5375 69.1477,68.6826 68.3182,71.7038 67.2674,74.5842 66.0063,77.3074 64.5473,79.8583 62.9039,82.2224 61.0906,84.3865 59.1229,86.3384 57.0172,88.0671 54.7938,89.5701 52.4853,90.8791 50.1156,92.0248 47.7021,93.0352 45.2572,93.9346 42.7895,94.7437 40.3052,95.4796 37.8088,96.1564 35.3033,96.7858 32.7911,97.3769 30.2738,97.9373 27.7525,98.4732 25.2283,98.9893 22.7018,99.4897 20.1734,99.9775 17.6437,100.455 15.1128,100.925 12.5811,101.388 10.0486,101.845 7.51566,102.299 4.98226,102.75 2.44852,103.197 -0.0855006,103.643 -2.61974,104.087 -5.15415,104.529 -7.68869,104.971 -10.2234,105.411 -12.7581,105.851 -15.2929,106.291 -17.8278,106.73 -20.3627,107.168 -22.8977,107.606 -25.4326,108.044 -27.9676,108.482 -30.5027,108.92 -33.0377,109.357 -35.5728,109.795 -38.1048,110.255 -40.6312,110.757 -43.1492,111.314 -45.6561,111.935 -48.1494,112.628 -50.6265,113.396 -53.0852,114.242 -55.5233,115.167 -57.939,116.17 -60.3305,117.25 -62.6965,118.407 -65.036,119.636 -67.3481,120.936 -69.6322,122.304 -71.888,123.737 -74.1154,125.231 -76.3144,126.784 -78.4853,128.393 -80.6284,130.054 -82.7442,131.765 -84.8333,133.523 -86.8965,135.325 -88.9345,137.168 -90.9482,139.049 -92.9385,140.967 -94.9063,142.919 -96.8526,144.902 -98.7784,146.915 -100.685,148.955 -102.572,151.021 -104.442,153.111 -106.296,155.223 -108.134,157.356 -109.957,159.507 -111.766,161.676 -113.563,163.862 -115.347,166.062 -117.12,168.276 -118.883,170.503 
-120,-170 0,0 4.4375,0 8.86516,-0.262254 13.2634,-0.785288 17.6126,-1.56616 21.8938,-2.60048 26.0881,-3.88243 30.1772,-5.40481 34.1433,-7.15906 37.9695,-9.13531 41.6394,-11.3224 45.1379,-13.7082 48.4503,-16.2791 51.5634,-19.0207 54.465,-21.9177 57.144,-24.9537 59.5906,-28.1116 61.7964,-31.3738 63.7541,-34.7218 65.4582,-38.1368 66.9042,-41.5997 68.0892,-45.0909 69.012,-48.5909 69.6726,-52.0799 70.0725,-55.5384 70.2148,-58.9468 70.1039,-62.2861 69.7458,-65.5375 69.1477,-68.6826 68.3182,-71.7038 67.2674,-74.5842 66.0063,-77.3074 64.5473,-79.8583 62.9039,-82.2224 61.0906,-84.3865 59.1229,-86.3384 57.0172,-88.0671 54.7938,-89.5701 52.4853,-90.8791 50.1156,-92.0248 47.7021,-93.0352 45.2572,-93.9346 42.7895,-94.7437 40.3052,-95.4796 37.8088,-96.1564 35.3033,-96.7858 32.7911,-97.3769 30.2738,-97.9373 27.7525,-98.4732 25.2283,-98.9894 22.7018,-99.4897 20.1734,-99.9775 17.6437,-100.455 15.1128,-100.925 12.5811,-101.388 10.0486,-101.846 7.51566,-102.299 4.98226,-102.75 2.44852,-103.197 -0.0855011,-103.643 -2.61974,-104.087 -5.15415,-104.529 -7.68869,-104.971 -10.2234,-105.411 -12.7581,-105.851 -15.2929,-106.291 -17.8278,-106.73 -20.3627,-107.168 -22.8977,-107.606 -25.4326,-108.044 -27.9676,-108.482 -30.5027,-108.92 -33.0377,-109.357 -35.5728,-109.795 -38.1048,-110.255 -40.6312,-110.757 -43.1492,-111.314 -45.6561,-111.935 -48.1494,-112.628 -50.6265,-113.396 -53.0852,-114.242 -55.5233,-115.167 -57.939,-116.17 -60.3305,-117.25 -62.6965,-118.407 -65.036,-119.636 -67.3481,-120.936 -69.6322,-122.304 -71.888,-123.737 -74.1154,-125.231 -76.3144,-126.784 -78.4853,-128.393 -80.6284,-130.054 -82.7442,-131.765 -84.8333,-133.523 -86.8965,-135.325 -88.9345,-137.168 -90.9482,-139.049 -92.9385,-140.967 -94.9063,-142.919 -96.8526,-144.902 -98.7784,-146.915 -100.685,-148.955 -102.572,-151.021 -104.442,-153.111 -106.296,-155.223 -108.134,-157.356 -109.957,-159.507 -111.766,-161.676 -113.563,-163.862 -115.347,-166.062 -117.12,-168.276 -118.883,-170.503 
-150,114.2 0,0 4.4375,0 8.86516,0.262254 13.2634,0.785287 17.6126,1.56616 21.8938,2.60048 26.0881,3.88243 30.1772,5.40481 34.1433,7.15906 37.9695,9.13531 41.6394,11.3224 45.1379,13.7082 48.4503,16.2791 51.5634,19.0207 54.465,21.9177 57.144,24.9537 59.5906,28.1116 61.7964,31.3738 63.7541,34.7218 65.4582,38.1368 66.9042,41.5997 68.0892,45.0909 69.012,48.5909 69.6726,52.0799 70.0725,55.5384 70.2148,58.9468 70.1039,62.2861 69.7458,65.5375 69.1477,68.6826 68.3182,71.7038 67.2674,74.5842 66.0063,77.3074 64.5473,79.8583 62.9039,82.2224 61.0906,84.3865 59.1229,86.3384 57.0172,88.0671 54.7904,89.563 52.4605,90.8175 50.0457,91.8237 47.5655,92.5779 45.0454,93.1212 42.5024,93.4906 39.9474,93.7187 37.3867,93.8326 34.8243,93.8547 32.2622,93.8031 29.7014,93.6927 27.1425,93.5352 24.5854,93.34 22.0302,93.1147 19.4766,92.8655 16.9244,92.597 14.3734,92.3132 11.8234,92.0171 9.27433,91.7112 6.72592,91.3975 4.17808,91.0775 1.6307,90.7526 -0.916311,90.4236 -3.46301,90.0914 -6.00947,89.7567 -8.55573,89.42 -11.1018,89.0816 -13.6478,88.7419 -16.1937,88.4012 -18.7395,88.0596 -21.2852,87.7174 -23.8309,87.3746 -26.3765,87.0314 -28.9221,86.6879 -31.4677,86.344 -34.0132,86 -36.5588,85.6558 -39.1043,85.3115 -41.6498,84.967 -44.1953,84.6225 -46.7408,84.2779 -49.2863,83.9332 -51.8318,83.5885 -54.3784,83.2556 -56.928,82.9558 -59.4815,82.705 -62.0389,82.5149 -64.5993,82.3939 -67.1615,82.3474 -69.7238,82.3789 -72.2846,82.4903 -74.8418,82.6817 -77.3938,82.9526 -79.9389,83.3015 -82.4755,83.7264 -85.0023,84.2248 -87.5183,84.7939 -90.0224,85.4306 -92.5139,86.132 -94.9922,86.8948 -97.457,87.7159 -99.9081,88.5922 -102.345,89.5206 -104.768,90.4982 -107.178,91.522 -109.574,92.5892 -111.956,93.6973 -114.326,94.8437 -116.682,96.026 -119.027,97.2418 -121.36,98.489 -123.681,99.7656 -125.992,101.069 -128.292,102.399 -130.582,103.752 -132.863,105.127 -135.135,106.523 -137.399,107.939 -139.654,109.372 -141.903,110.821 -144.144,112.286 -146.379,113.765 -148.607,115.257 
-150,-114.2 0,0 4.4375,0 8.86516,-0.262254 13.2634,-0.785288 17.6126,-1.56616 21.8938,-2.60048 26.0881,-3.88243 30.1772,-5.40481 34.1433,-7.15906 37.9695,-9.13531 41.6394,-11.3224 45.1379,-13.7082 48.4503,-16.2791 51.5634,-19.0207 54.465,-21.9177 57.144,-24.9537 59.5906,-28.1116 61.7964,-31.3738 63.7541,-34.7218 65.4582,-38.1368 66.9042,-41.5997 68.0892,-45.0909 69.012,-48.5909 69.6726,-52.0799 70.0725,-55.5384 70.2148,-58.9468 70.1039,-62.2861 69.7458,-65.5375 69.1477,-68.6826 68.3182,-71.7038 67.2674,-74.5842 66.0063,-77.3074 64.5473,-79.8583 62.9039,-82.2224 61.0906,-84.3865 59.1229,-86.3384 57.0172,-88.0671 54.7904,-89.563 52.4605,-90.8175 50.0457,-91.8237 47.5655,-92.5779 45.0454,-93.1212 42.5024,-93.4906 39.9474,-93.7187 37.3867,-93.8326 34.8243,-93.8547 32.2622,-93.8031 29.7014,-93.6927 27.1425,-93.5352 24.5854,-93.34 22.0302,-93.1147 19.4766,-92.8655 16.9244,-92.597 14.3734,-92.3132 11.8234,-92.0171 9.27433,-91.7112 6.72592,-91.3975 4.17808,-91.0775 1.63069,-90.7526 -0.916311,-90.4236 -3.46301,-90.0914 -6.00947,-89.7567 -8.55573,-89.42 -11.1018,-89.0816 -13.6478,-88.7419 -16.1937,-88.4012 -18.7395,-88.0596 -21.2852,-87.7174 -23.8309,-87.3746 -26.3765,-87.0314 -28.9221,-86.6879 -31.4677,-86.344 -34.0132,-86 -36.5588,-85.6558 -39.1043,-85.3115 -41.6498,-84.967 -44.1953,-84.6225 -46.7408,-84.2779 -49.2863,-83.9332 -51.8318,-83.5885 -54.3784,-83.2556 -56.928,-82.9558 -59.4815,-82.705 -62.0389,-82.5149 -64.5993,-82.3939 -67.1615,-82.3474 -69.7238,-82.3789 -72.2846,-82.4903 -74.8418,-82.6817 -77.3938,-82.9526 -79.9389,-83.3015 -82.4755,-83.7264 -85.0023,-84.2248 -87.5183,-84.7939 -90.0224,-85.4306 -92.5139,-86.132 -94.9922,-86.8948 -97.457,-87.7159 -99.9081,-88.5922 -102.345,-89.5206 -104.768,-90.4982 -107.178,-91.522 -109.574,-92.5892 -111.956,-93.6973 -114.326,-94.8437 -116.682,-96.026 -119.027,-97.2418 -121.36,-98.489 -123.681,-99.7656 -125.992,-101.069 -128.292,-102.399 -130.582,-103.752 -132.863,-105.127 -135.135,-106.523 -137.399,-107.939 -139.654,-109.372 -141.903,-110.821 -144.144,-112.286 -146.379,-113.765 -148.607,-115.257 
-100,0 0,0 4.4375,0 8.86516,0.262254 13.2634,0.785287 17.6126,1.56616 21.8938,2.60048 26.0881,3.88243 30.1772,5.40481 34.1433,7.15906 37.9695,9.13531 41.6394,11.3224 45.1379,13.7082 48.4503,16.2791 51.5634,19.0207 54.465,21.9177 57.144,24.9537 59.5906,28.1116 61.7964,31.3738 63.7541,34.7218 65.4582,38.1368 66.9042,41.5997 68.0892,45.0909 69.012,48.5909 69.6726,52.0799 70.0725,55.5384 70.2148,58.9468 70.1039,62.2861 69.7458,65.5375 69.1477,68.6826 68.3182,71.7038 67.2674,74.5842 66.0063,77.3074 64.5473,79.8583 62.9039,82.2224 61.0906,84.3865 59.1229,86.3384 57.0172,88.0671 54.7904,89.563 52.4605,90.8175 50.0457,91.8237 47.565,92.5758 45.0375,93.0697 42.4828,93.3026 39.9204,93.2732 37.3701,92.9816 34.8514,92.4295 32.3838,91.62 29.9775,90.586 27.6326,89.3713 25.345,88.0115 23.1089,86.5356 20.9178,84.9665 18.7653,83.3228 16.6456,81.6189 14.5534,79.8666 12.4841,78.0751 10.4339,76.2519 8.39958,74.4031 6.3783,72.5335 4.36778,70.6469 2.36613,68.7465 0.371754,66.835 -1.61664,64.9142 -3.60014,62.9861 -5.57961,61.0518 -7.55579,59.1127 -9.52927,57.1694 -11.5005,55.2229 -13.47,53.2736 -15.438,51.3222 -17.4048,49.3689 -19.3706,47.4142 -21.3355,45.4583 -23.2998,43.5014 -25.2636,41.5437 -27.2269,39.5853 -29.1899,37.6264 -31.1526,35.6671 -33.1164,33.7095 -35.0956,31.7748 -37.1008,29.8799 -39.1391,28.0374 -41.2152,26.2575 -43.3314,24.5473 -45.4884,22.9121 -47.6856,21.3553 -49.9214,19.8788 -52.1936,18.4831 -54.4996,17.1677 -56.8365,15.9314 -59.2014,14.7722 -61.5916,13.6875 -64.0042,12.6744 -66.4368,11.7297 -68.887,10.8501 -71.3526,10.0321 -73.8316,9.27223 -76.3223,8.56704 -78.8232,7.91315 -81.3329,7.30727 -83.8501,6.74624 -86.3739,6.22703 -88.9033,5.74676 -91.4375,5.3027 -93.9758,4.89227 -96.5177,4.51305 -99.0627,4.16277 
-100,0 0,0 4.4375,0 8.86516,0.262254 13.2634,0.785287 17.6126,1.56616 21.8938,2.60048 26.0881,3.88243 30.1772,5.40481 34.1433,7.15906 37.9695,9.13531 41.6394,11.3224 45.1379,13.7082 48.4503,16.2791 51.5634,19.0207 54.465,21.9177 57.144,24.9537 59.5906,28.1116 61.7964,31.3738 63.7541,34.7218 65.4582,38.1368 66.9042,41.5997 68.0892,45.0909 69.012,48.5909 69.6726,52.0799 70.0725,55.5384 70.2148,58.9468 70.1039,62.2861 69.7458,65.5375 69.1477,68.6826 68.3182,71.7038 67.2674,74.5842 66.0063,77.3074 64.5473,79.8583 62.9039,82.2224 61.0906,84.3865 59.1229,86.3384 57.0172,88.0671 54.7904,89.563 52.4605,90.8175 50.0457,91.8237 47.565,92.5758 45.0375,93.0697 42.4828,93.3026 39.9204,93.2732 37.3701,92.9816 34.8514,92.4295 32.3838,91.62 29.9775,90.586 27.6326,89.3713 25.345,88.0115 23.1089,86.5356 20.9178,84.9665 18.7653,83.3228 16.6456,81.6189 14.5534,79.8666 12.4841,78.0751 10.4339,76.2519 8.39958,74.4031 6.3783,72.5335 4.36778,70.6469 2.36613,68.7465 0.371754,66.835 -1.61664,64.9142 -3.60014,62.9861 -5.57961,61.0518 -7.55579,59.1127 -9.52927,57.1694 -11.5005,55.2229 -13.47,53.2736 -15.438,51.3222 -17.4048,49.3689 -19.3706,47.4142 -21.3355,45.4583 -23.2998,43.5014 -25.2636,41.5437 -27.2269,39.5853 -29.1899,37.6264 -31.1526,35.6671 -33.1164,33.7095 -35.0956,31.7748 -37.1008,29.8799 -39.1391,28.0374 -41.2152,26.2575 -43.3314,24.5473 -45.4884,22.9121 -47.6856,21.3553 -49.9214,19.8788 -52.1936,18.4831 -54.4996,17.1677 -56.8365,15.9314 -59.2014,14.7722 -61.5916,13.6875 -64.0042,12.6744 -66.4368,11.7297 -68.887,10.8501 -71.3526,10.0321 -73.8316,9.27223 -76.3223,8.56704 -78.8232,7.91315 -81.3329,7.30727 -83.8501,6.74624 -86.3739,6.22703 -88.9033,5.74676 -91.4375,5.3027 -93.9758,4.89227 -96.5177,4.51305 -99.0627,4.16277 
