25,0 0,0 5.6875,0 11.375,0 17.0625,0 22.75,0 
50,0 0,0 5.6875,0 11.375,0 17.0625,0 22.75,0 28.4375,0 34.125,0 39.8125,0 45.5,0 
75,0 0,0 5.6875,0 11.375,0 17.0625,0 22.75,0 28.4375,0 34.125,0 39.8125,0 45.5,0 51.1875,0 56.875,0 62.5625,0 68.25,0 73.9375,0 
100,0 0,0 5.6875,0 11.375,0 17.0625,0 22.75,0 28.4375,0 34.125,0 39.8125,0 45.5,0 51.1875,0 56.875,0 62.5625,0 68.25,0 73.9375,0 79.625,0 85.3125,0 91,0 96.6875,0 
10,5 0,0 5.6875,0 11.3674,0.230335 
10,-5 0,0 5.6875,0 11.3674,-0.230335 
90,20.5 0,0 5.6875,0 11.3731,0.114448 17.053,0.344975 22.7233,0.691876 28.3801,1.15421 34.02,1.72988 39.6396,2.4158 45.2363,3.20795 50.8078,4.10155 56.3524,5.09117 61.8692,6.17087 67.3577,7.33431 72.818,8.57487 78.2507,9.88577 83.6571,11.2602 89.0387,12.6912 
90,-20.5 0,0 5.6875,0 11.3731,-0.114448 17.053,-0.344974 22.7233,-0.691876 28.3801,-1.15421 34.02,-1.72989 39.6396,-2.4158 45.2363,-3.20795 50.8078,-4.10155 56.3524,-5.09117 61.8692,-6.17087 67.3577,-7.33431 72.818,-8.57487 78.2507,-9.88577 83.6571,-11.2602 89.0387,-12.6912 
120,45 0,0 5.6875,0 11.3703,0.180895 17.0388,0.544853 22.6834,1.09178 28.2944,1.81943 33.8631,2.72363 39.3815,3.79842 44.8427,5.03632 50.2414,6.42859 55.5734,7.96549 60.8362,9.63652 66.0289,11.4307 71.1517,13.337 76.2066,15.344 81.1965,17.4407 86.1256,19.6165 90.9986,21.861 95.8213,24.1645 100.6,26.5177 105.34,28.9119 110.049,31.3393 114.733,33.7922 119.399,36.2639 
120,-45 0,0 5.6875,0 11.3703,-0.180894 17.0388,-0.544852 22.6834,-1.09178 28.2944,-1.81943 33.8631,-2.72363 39.3815,-3.79842 44.8427,-5.03632 50.2414,-6.42859 55.5734,-7.96549 60.8362,-9.63652 66.0289,-11.4307 71.1517,-13.337 76.2066,-15.344 81.1965,-17.4407 86.1256,-19.6165 90.9986,-21.861 95.8213,-24.1645 100.6,-26.5177 105.34,-28.9119 110.049,-31.3393 114.733,-33.7922 119.399,-36.2639 
120,70 0,0 5.6875,0 11.3654,0.259466 17.014,0.779734 22.6139,1.55788 28.1459,2.58953 33.5915,3.86821 38.9343,5.38275 44.1605,7.11951 49.2589,9.06288 54.2214,11.1958 59.043,13.5005 63.7221,15.9585 68.2599,18.552 72.6606,21.2634 76.9308,24.0763 81.0792,26.9754 85.1162,29.9468 89.0532,32.9782 92.9027,36.0584 96.6773,39.1779 100.39,42.3281 104.053,45.5018 107.679,48.6925 111.28,51.8946 114.865,55.1032 118.446,58.3138 122.032,61.5225 
120,-70 0,0 5.6875,0 11.3654,-0.259465 17.014,-0.779734 22.6139,-1.55788 28.1459,-2.58953 33.5915,-3.86821 38.9343,-5.38275 44.1605,-7.11951 49.2589,-9.06288 54.2214,-11.1958 59.043,-13.5005 63.7221,-15.9585 68.2599,-18.552 72.6606,-21.2634 76.9308,-24.0763 81.0792,-26.9754 85.1162,-29.9468 89.0532,-32.9782 92.9027,-36.0584 96.6773,-39.1779 100.39,-42.3281 104.053,-45.5018 107.679,-48.6925 111.28,-51.8946 114.865,-55.1032 118.446,-58.3138 122.032,-61.5225 
110,90 0,0 5.6875,0 11.3652,0.262254 17.0134,0.785287 22.6126,1.56616 28.1438,2.60048 33.5881,3.88243 38.9272,5.40481 44.1433,7.15906 49.2195,9.13531 54.1394,11.3224 58.8879,13.7082 63.4503,16.2791 67.8134,19.0207 71.965,21.9177 75.894,24.9537 79.5906,28.1116 83.0464,31.3738 86.2713,34.7165 89.2845,38.1177 92.1082,41.5594 94.7659,45.0277 97.2821,48.5122 99.6811,52.0058 101.986,55.5038 104.22,59.0035 106.402,62.5035 108.552,66.0033 110.688,69.5029 112.823,73.0025 114.973,76.5023 117.149,80.0023 
110,-90 0,0 5.6875,0 11.3652,-0.262254 17.0134,-0.785288 22.6126,-1.56616 28.1438,-2.60048 33.5881,-3.88243 38.9272,-5.40481 44.1433,-7.15906 49.2195,-9.13531 54.1394,-11.3224 58.8879,-13.7082 63.4503,-16.2791 67.8134,-19.0207 71.965,-21.9177 75.894,-24.9537 79.5906,-28.1116 83.0464,-31.3738 86.2713,-34.7165 89.2845,-38.1177 92.1081,-41.5594 94.7659,-45.0277 97.2821,-48.5122 99.6811,-52.0058 101.986,-55.5038 104.22,-59.0035 106.402,-62.5035 108.552,-66.0033 110.688,-69.5029 112.823,-73.0025 114.973,-76.5023 117.149,-80.0023 
105,120 0,0 5.6875,0 11.3652,0.262254 17.0134,0.785287 22.6126,1.56616 28.1438,2.60048 33.5881,3.88243 38.9272,5.40481 44.1433,7.15906 49.2195,9.13531 54.1394,11.3224 58.8879,13.7082 63.4503,16.2791 67.8134,19.0207 71.965,21.9177 75.894,24.9537 79.5906,28.1116 83.0464,31.3738 86.2541,34.7218 89.2082,38.1368 91.9042,41.5997 94.3392,45.0909 96.512,48.5909 98.4226,52.0799 100.073,55.5384 101.475,58.9491 102.657,62.3017 103.65,65.5914 104.492,68.8225 105.22,72.0035 105.864,75.1452 106.454,78.2593 107.013,81.3572 107.561,84.4494 108.116,87.5453 108.692,90.6526 109.304,93.7777 109.961,96.9254 110.674,100.1 111.45,103.303 112.298,106.536 113.222,109.8 
105,-120 0,0 5.6875,0 11.3652,-0.262254 17.0134,-0.785288 22.6126,-1.56616 28.1438,-2.60048 33.5881,-3.88243 38.9272,-5.40481 44.1433,-7.15906 49.2195,-9.13531 54.1394,-11.3224 58.8879,-13.7082 63.4503,-16.2791 67.8134,-19.0207 71.965,-21.9177 75.894,-24.9537 79.5906,-28.1116 83.0464,-31.3738 86.2541,-34.7218 89.2082,-38.1368 91.9042,-41.5997 94.3392,-45.0909 96.512,-48.5909 98.4226,-52.0799 100.073,-55.5384 101.475,-58.9491 102.657,-62.3017 103.65,-65.5914 104.492,-68.8225 105.22,-72.0035 105.864,-75.1452 106.454,-78.2593 107.013,-81.3572 107.561,-84.4494 108.116,-87.5453 108.692,-90.6526 109.304,-93.7777 109.961,-96.9254 110.674,-100.1 111.45,-103.303 112.298,-106.536 113.222,-109.8 
88.9,140 0,0 5.6875,0 11.3652,0.262254 17.0134,0.785287 22.6126,1.56616 28.1438,2.60048 33.5881,3.88243 38.9272,5.40481 44.1433,7.15906 49.2195,9.13531 54.1394,11.3224 58.8879,13.7082 63.4503,16.2791 67.8134,19.0207 71.965,21.9177 75.894,24.9537 79.5906,28.1116 83.0464,31.3738 86.2541,34.7218 89.2082,38.1368 91.9042,41.5997 94.3392,45.0909 96.512,48.5909 98.4226,52.0799 100.073,55.5384 101.465,58.9468 102.604,62.2861 103.496,65.5375 104.167,68.6918 104.647,71.7474 104.965,74.7063 105.146,77.5736 105.21,80.3561 105.177,83.0618 105.064,85.6988 104.882,88.2755 104.645,90.7996 104.362,93.2784 104.04,95.7185 103.687,98.1257 103.319,100.518 102.954,102.912 102.605,105.323 102.281,107.762 101.994,110.237 101.749,112.754 101.555,115.318 101.415,117.932 101.336,120.599 101.321,123.319 101.374,126.093 101.5,128.921 101.7,131.802 
88.9,-140 0,0 5.6875,0 11.3652,-0.262254 17.0134,-0.785288 22.6126,-1.56616 28.1438,-2.60048 33.5881,-3.88243 38.9272,-5.40481 44.1433,-7.15906 49.2195,-9.13531 54.1394,-11.3224 58.8879,-13.7082 63.4503,-16.2791 67.8134,-19.0207 71.965,-21.9177 75.894,-24.9537 79.5906,-28.1116 83.0464,-31.3738 86.2541,-34.7218 89.2082,-38.1368 91.9042,-41.5997 94.3392,-45.0909 96.512,-48.5909 98.4226,-52.0799 100.073,-55.5384 101.465,-58.9468 102.604,-62.2861 103.496,-65.5375 104.167,-68.6918 104.647,-71.7474 104.965,-74.7063 105.146,-77.5736 105.21,-80.3561 105.177,-83.0618 105.064,-85.6988 104.882,-88.2755 104.645,-90.7996 104.362,-93.2784 104.04,-95.7185 103.687,-98.1258 103.319,-100.518 102.954,-102.912 102.605,-105.323 102.281,-107.762 101.994,-110.237 101.749,-112.754 101.555,-115.318 101.415,-117.932 101.336,-120.599 101.321,-123.319 101.374,-126.093 101.5,-128.921 101.7,-131.802 
66.9,160.6 0,0 5.6875,0 11.3652,0.262254 17.0134,0.785287 22.6126,1.56616 28.1438,2.60048 33.5881,3.88243 38.9272,5.40481 44.1433,7.15906 49.2195,9.13531 54.1394,11.3224 58.8879,13.7082 63.4503,16.2791 67.8134,19.0207 71.965,21.9177 75.894,24.9537 79.5906,28.1116 83.0464,31.3738 86.2541,34.7218 89.2082,38.1368 91.9042,41.5997 94.3392,45.0909 96.512,48.5909 98.4226,52.0799 100.073,55.5384 101.465,58.9468 102.604,62.2861 103.496,65.5375 104.148,68.6826 104.568,71.7038 104.769,74.5855 104.786,77.3312 104.651,79.949 104.389,82.4499 104.026,84.8467 103.581,87.1526 103.069,89.3806 102.504,91.5427 101.897,93.6498 101.256,95.7114 100.589,97.7356 99.8995,99.7295 99.1935,101.699 98.4742,103.648 97.7442,105.582 97.0058,107.502 96.2607,109.413 95.5104,111.315 94.7558,113.211 93.998,115.102 93.2375,116.988 92.4749,118.872 91.7106,120.753 90.9451,122.631 90.1785,124.508 89.4185,126.396 88.6738,128.307 87.9514,130.252 87.257,132.238 86.5951,134.27 85.9698,136.353 85.3842,138.488 84.8415,140.678 84.344,142.924 83.8941,145.224 83.4939,147.581 83.1451,149.993 82.8495,152.46 
66.9,-160.6 0,0 5.6875,0 11.3652,-0.262254 17.0134,-0.785288 22.6126,-1.56616 28.1438,-2.60048 33.5881,-3.88243 38.9272,-5.40481 44.1433,-7.15906 49.2195,-9.13531 54.1394,-11.3224 58.8879,-13.7082 63.4503,-16.2791 67.8134,-19.0207 71.965,-21.9177 75.894,-24.9537 79.5906,-28.1116 83.0464,-31.3738 86.2541,-34.7218 89.2082,-38.1368 91.9042,-41.5997 94.3392,-45.0909 96.512,-48.5909 98.4226,-52.0799 100.073,-55.5384 101.465,-58.9468 102.604,-62.2861 103.496,-65.5375 104.148,-68.6826 104.568,-71.7038 104.769,-74.5855 104.786,-77.3312 104.651,-79.949 104.389,-82.4499 104.026,-84.8467 103.581,-87.1526 103.069,-89.3806 102.504,-91.5427 101.897,-93.6498 101.256,-95.7114 100.589,-97.7356 99.8995,-99.7295 99.1935,-101.699 98.4742,-103.648 97.7442,-105.582 97.0058,-107.502 96.2607,-109.413 95.5104,-111.315 94.7558,-113.211 93.998,-115.102 93.2375,-116.988 92.4749,-118.872 91.7106,-120.753 90.9451,-122.631 90.1785,-124.508 89.4185,-126.396 88.6738,-128.307 87.9514,-130.252 87.257,-132.238 86.5951,-134.27 85.9698,-136.353 85.3842,-138.488 84.8415,-140.678 84.344,-142.924 83.8941,-145.224 83.4939,-147.581 83.1452,-149.993 82.8495,-152.46 
