25,0 0,0 4.75,0 9.5,0 14.25,0 19,0 23.75,0 
50,0 0,0 4.75,0 9.5,0 14.25,0 19,0 23.75,0 28.5,0 33.25,0 38,0 42.75,0 47.5,0 
75,0 0,0 4.75,0 9.5,0 14.25,0 19,0 23.75,0 28.5,0 33.25,0 38,0 42.75,0 47.5,0 52.25,0 57,0 61.75,0 66.5,0 71.25,0 
100,0 0,0 4.75,0 9.5,0 14.25,0 19,0 23.75,0 28.5,0 33.25,0 38,0 42.75,0 47.5,0 52.25,0 57,0 61.75,0 66.5,0 71.25,0 76,0 80.75,0 85.5,0 90.25,0 95,0 99.75,0 
10,5 0,0 4.75,0 9.49241,0.230335 
10,-5 0,0 4.75,0 9.49241,-0.230335 
90,20.5 0,0 4.75,0 9.49813,0.114448 14.2408,0.34103 18.9747,0.676505 23.6969,1.11683 28.4049,1.65729 33.0967,2.2926 37.7709,3.01705 42.4265,3.82459 47.0629,4.70897 51.6802,5.6638 56.2786,6.68266 60.8589,7.75917 65.4222,8.88707 69.9697,10.0602 74.503,11.2728 79.0236,12.5191 83.5332,13.7937 88.0337,15.0917 
90,-20.5 0,0 4.75,0 9.49813,-0.114448 14.2408,-0.341029 18.9747,-0.676503 23.6969,-1.11683 28.4049,-1.65729 33.0967,-2.2926 37.7709,-3.01705 42.4265,-3.82459 47.0629,-4.70897 51.6802,-5.6638 56.2786,-6.68266 60.8589,-7.75917 65.4222,-8.88707 69.9697,-10.0602 74.503,-11.2728 79.0236,-12.5191 83.5332,-13.7938 88.0337,-15.0917 
120,45 0,0 4.75,0 9.49532,0.180895 14.227,0.538879 18.9367,1.06853 23.6171,1.76303 28.262,2.61434 32.8663,3.6135 37.4264,4.7508 41.9397,6.01604 46.405,7.39872 50.8222,8.88826 55.1923,10.4741 59.5172,12.146 63.7995,13.8939 68.0425,15.7082 72.25,17.5799 76.4261,19.5004 80.575,21.4615 84.7012,23.4559 88.8089,25.4767 92.9024,27.5174 96.9857,29.5722 101.063,31.6358 105.137,33.7034 109.211,35.7706 113.288,37.8334 117.372,39.8884 
120,-45 0,0 4.75,0 9.49532,-0.180894 14.227,-0.538879 18.9367,-1.06853 23.6171,-1.76303 28.262,-2.61434 32.8663,-3.6135 37.4264,-4.7508 41.9397,-6.01604 46.405,-7.39872 50.8222,-8.88826 55.1923,-10.4741 59.5172,-12.146 63.7995,-13.8939 68.0425,-15.7082 72.25,-17.5799 76.4261,-19.5004 80.575,-21.4615 84.7012,-23.4559 88.8089,-25.4767 92.9024,-27.5174 96.9857,-29.5722 101.063,-31.6358 105.137,-33.7034 109.211,-35.7706 113.288,-37.8334 117.372,-39.8884 
120,70 0,0 4.75,0 9.49037,0.259466 14.2026,0.772593 18.8694,1.53085 23.4758,2.52332 28.0086,3.73706 32.4574,5.15754 36.8143,6.76909 41.0742,8.55533 45.2345,10.4996 49.2951,12.5853 53.2583,14.7963 57.1282,17.1171 60.9105,19.5332 64.6122,22.031 68.2414,24.5981 71.8065,27.2229 75.3166,29.8954 78.7806,32.6061 82.2075,35.3468 85.6056,38.11 88.9832,40.8892 92.3477,43.6782 95.7062,46.4718 99.0648,49.2654 102.429,52.0545 105.804,54.8356 109.194,57.6051 112.603,60.3603 116.033,63.0985 119.486,65.8175 
120,-70 0,0 4.75,0 9.49037,-0.259465 14.2026,-0.772592 18.8694,-1.53085 23.4758,-2.52332 28.0086,-3.73706 32.4574,-5.15754 36.8143,-6.76909 41.0742,-8.55533 45.2345,-10.4996 49.2951,-12.5853 53.2583,-14.7963 57.1282,-17.1171 60.9105,-19.5332 64.6122,-22.031 68.2414,-24.5981 71.8065,-27.2229 75.3166,-29.8954 78.7806,-32.6061 82.2075,-35.3468 85.6056,-38.11 88.9832,-40.8892 92.3477,-43.6782 95.7062,-46.4718 99.0648,-49.2654 102.429,-52.0545 105.804,-54.8356 109.194,-57.6051 112.603,-60.3603 116.033,-63.0985 119.486,-65.8175 
110,90 0,0 4.75,0 9.49016,0.262254 14.2009,0.785287 18.8626,1.56616 23.4563,2.60048 27.9631,3.88243 32.3647,5.40481 36.6433,7.15906 40.782,9.13531 44.7644,11.3224 48.5754,13.7082 52.2111,16.269 55.6751,18.9798 58.9745,21.8171 62.1198,24.7595 65.1243,27.788 68.0026,30.8861 70.7709,34.0397 73.4454,37.2367 76.0426,40.467 78.5783,43.7223 81.0674,46.9956 83.524,50.2811 85.961,53.5737 88.39,56.8691 90.8213,60.1637 93.2642,63.4542 95.7266,66.7375 98.2152,70.011 100.736,73.2721 103.293,76.5188 105.891,79.7488 108.533,82.9604 111.22,86.1518 
110,-90 0,0 4.75,0 9.49016,-0.262254 14.2009,-0.785288 18.8626,-1.56616 23.4563,-2.60048 27.9631,-3.88243 32.3647,-5.40481 36.6433,-7.15906 40.782,-9.13531 44.7644,-11.3224 48.5754,-13.7082 52.2111,-16.269 55.6751,-18.9798 58.9745,-21.8171 62.1198,-24.7595 65.1243,-27.788 68.0026,-30.8861 70.7709,-34.0397 73.4454,-37.2367 76.0426,-40.467 78.5783,-43.7223 81.0674,-46.9956 83.524,-50.2811 85.961,-53.5737 88.39,-56.8691 90.8213,-60.1637 93.2642,-63.4542 95.7266,-66.7375 98.2152,-70.011 100.736,-73.2721 103.293,-76.5188 105.891,-79.7488 108.533,-82.9604 111.22,-86.1518 
105,120 0,0 4.75,0 9.49016,0.262254 14.2009,0.785287 18.8626,1.56616 23.4563,2.60048 27.9631,3.88243 32.3647,5.40481 36.6433,7.15906 40.782,9.13531 44.7644,11.3224 48.5754,13.7082 52.2003,16.2791 55.6259,19.0207 58.84,21.9177 61.8315,24.9537 64.5906,28.1116 67.1089,31.3738 69.3791,34.7218 71.4244,38.1302 73.2718,41.5789 74.95,45.0526 76.488,48.5407 77.9137,52.0363 79.2535,55.5351 80.5316,59.035 81.7698,62.535 82.9876,66.0348 84.202,69.5347 85.4278,73.0346 86.6778,76.5346 87.9629,80.0344 89.2922,83.5335 90.6732,87.031 92.1122,90.5259 93.614,94.0169 95.1824,97.5024 96.82,100.981 98.5289,104.451 100.31,107.91 102.163,111.358 104.089,114.792 106.085,118.211 
105,-120 0,0 4.75,0 9.49016,-0.262254 14.2009,-0.785288 18.8626,-1.56616 23.4563,-2.60048 27.9631,-3.88243 32.3647,-5.40481 36.6433,-7.15906 40.782,-9.13531 44.7644,-11.3224 48.5754,-13.7082 52.2003,-16.2791 55.6259,-19.0207 58.84,-21.9177 61.8315,-24.9537 64.5906,-28.1116 67.1089,-31.3738 69.3791,-34.7218 71.4244,-38.1302 73.2718,-41.5789 74.95,-45.0526 76.488,-48.5407 77.9137,-52.0363 79.2535,-55.5351 80.5316,-59.035 81.7698,-62.535 82.9876,-66.0348 84.202,-69.5347 85.4278,-73.0346 86.6778,-76.5346 87.9629,-80.0344 89.2922,-83.5335 90.6732,-87.031 92.1122,-90.5259 93.614,-94.0169 95.1824,-97.5024 96.8201,-100.981 98.5289,-104.451 100.31,-107.91 102.163,-111.358 104.089,-114.792 106.085,-118.211 
88.9,140 0,0 4.75,0 9.49016,0.262254 14.2009,0.785287 18.8626,1.56616 23.4563,2.60048 27.9631,3.88243 32.3647,5.40481 36.6433,7.15906 40.782,9.13531 44.7644,11.3224 48.5754,13.7082 52.2003,16.2791 55.6259,19.0207 58.84,21.9177 61.8315,24.9537 64.5906,28.1116 67.1089,31.3738 69.3791,34.7218 71.3957,38.1368 73.1542,41.5997 74.6517,45.0909 75.887,48.5909 76.8601,52.0799 77.5915,55.5412 78.1227,58.9666 78.4962,62.3551 78.751,65.7106 78.9218,69.0401 79.0392,72.3518 79.1289,75.6539 79.2133,78.9541 79.3109,82.2589 79.4374,85.5737 79.6059,88.9024 79.8273,92.2478 80.1105,95.6117 80.4629,98.9946 80.8903,102.397 81.3974,105.817 81.9876,109.254 82.6634,112.707 83.4264,116.173 84.2774,119.65 85.2166,123.136 86.2433,126.629 87.3564,130.126 88.5544,133.626 89.8351,137.126 
88.9,-140 0,0 4.75,0 9.49016,-0.262254 14.2009,-0.785288 18.8626,-1.56616 23.4563,-2.60048 27.9631,-3.88243 32.3647,-5.40481 36.6433,-7.15906 40.782,-9.13531 44.7644,-11.3224 48.5754,-13.7082 52.2003,-16.2791 55.6259,-19.0207 58.84,-21.9177 61.8315,-24.9537 64.5906,-28.1116 67.1089,-31.3738 69.3791,-34.7218 71.3957,-38.1368 73.1542,-41.5997 74.6517,-45.0909 75.887,-48.5909 76.8601,-52.0799 77.5915,-55.5412 78.1227,-58.9666 78.4962,-62.3551 78.751,-65.7106 78.9218,-69.0401 79.0392,-72.3518 79.1289,-75.6539 79.2133,-78.9541 79.3109,-82.2589 79.4374,-85.5737 79.6059,-88.9024 79.8273,-92.2479 80.1105,-95.6117 80.4629,-98.9946 80.8903,-102.397 81.3974,-105.817 81.9876,-109.254 82.6634,-112.707 83.4264,-116.173 84.2774,-119.65 85.2166,-123.136 86.2433,-126.629 87.3564,-130.126 88.5544,-133.626 89.8351,-137.126 
66.9,160.6 0,0 4.75,0 9.49016,0.262254 14.2009,0.785287 18.8626,1.56616 23.4563,2.60048 27.9631,3.88243 32.3647,5.40481 36.6433,7.15906 40.782,9.13531 44.7644,11.3224 48.5754,13.7082 52.2003,16.2791 55.6259,19.0207 58.84,21.9177 61.8315,24.9537 64.5906,28.1116 67.1089,31.3738 69.3791,34.7218 71.3957,38.1368 73.1542,41.5997 74.6517,45.0909 75.887,48.5909 76.8601,52.0799 77.5725,55.5384 78.0273,58.9468 78.2336,62.2876 78.2272,65.5543 78.0405,68.7458 77.7023,71.8647 77.2373,74.9158 76.6668,77.905 76.0088,80.8392 75.2782,83.7249 74.4876,86.5685 73.653,89.38 72.8011,92.1786 71.9534,94.9803 71.1275,97.7982 70.3376,100.642 69.5954,103.52 68.9104,106.436 68.2904,109.395 67.7417,112.397 67.2695,115.444 66.8777,118.535 66.5694,121.669 66.347,124.845 66.2121,128.059 66.1653,131.31 66.2072,134.595 66.3374,137.911 66.5551,141.255 66.8592,144.625 67.2482,148.017 67.72,151.43 68.2724,154.859 68.9028,158.304 
66.9,-160.6 0,0 4.75,0 9.49016,-0.262254 14.2009,-0.785288 18.8626,-1.56616 23.4563,-2.60048 27.9631,-3.88243 32.3647,-5.40481 36.6433,-7.15906 40.782,-9.13531 44.7644,-11.3224 48.5754,-13.7082 52.2003,-16.2791 55.6259,-19.0207 58.84,-21.9177 61.8315,-24.9537 64.5906,-28.1116 67.1089,-31.3738 69.3791,-34.7218 71.3957,-38.1368 73.1542,-41.5997 74.6517,-45.0909 75.887,-48.5909 76.8601,-52.0799 77.5725,-55.5384 78.0273,-58.9468 78.2336,-62.2876 78.2272,-65.5543 78.0405,-68.7458 77.7023,-71.8647 77.2373,-74.9158 76.6668,-77.905 76.0088,-80.8392 75.2782,-83.7249 74.4876,-86.5685 73.653,-89.38 72.8011,-92.1786 71.9534,-94.9803 71.1275,-97.7982 70.3376,-100.642 69.5954,-103.52 68.9104,-106.436 68.2904,-109.395 67.7417,-112.397 67.2695,-115.444 66.8777,-118.535 66.5694,-121.669 66.3471,-124.845 66.2121,-128.059 66.1654,-131.31 66.2072,-134.595 66.3374,-137.911 66.5551,-141.255 66.8593,-144.625 67.2482,-148.017 67.72,-151.43 68.2724,-154.859 68.9029,-158.304 
