-1 -1 -1 -1 -1 -1 -1 -1 -1 -1 -1 -1 -1 -1 -1 -1 -1 -1 -1 -1 -1 -1 -1 -1 -1 -1 -1 -1 -1 -1 -1 -1 -1 -1 -1 -1 -1 -1 -1 -1 -1 
-1 -1 -1 -1 -1 -1 -1 -1 -1 -1 -1 -1 -1 -1 -1 -1 -1 -1 -1 -1 -1 -1 -1 -1 -1 -1 -1 -1 -1 -1 -1 -1 -1 -1 -1 -1 -1 -1 -1 -1 -1 
-1 -1 -1 -1 -1 -1 -1 -1 -1 -1 -1 -1 -1 -1 -1 -1 -1 -1 -1 -1 -1 -1 -1 -1 -1 -1 -1 -1 -1 -1 -1 -1 -1 -1 -1 -1 -1 -1 -1 -1 -1 
-1 -1 -1 -1 -1 -1 -1 -1 -1 -1 -1 -1 -1 -1 -1 -1 -1 -1 -1 -1 -1 -1 -1 -1 -1 -1 -1 -1 -1 -1 -1 -1 -1 -1 -1 -1 -1 -1 -1 -1 -1 
-1 -1 -1 -1 -1 -1 -1 -1 -1 -1 -1 -1 -1 -1 -1 -1 -1 -1 -1 -1 -1 -1 -1 -1 -1 -1 -1 -1 -1 -1 -1 -1 -1 -1 -1 -1 -1 -1 -1 -1 -1 
-1 -1 -1 -1 -1 -1 -1 -1 -1 -1 -1 -1 -1 -1 -1 -1 -1 -1 -1 -1 -1 -1 -1 -1 -1 -1 -1 -1 -1 -1 -1 -1 -1 -1 -1 -1 -1 -1 -1 -1 -1 
-1 -1 -1 -1 -1 -1 -1 -1 -1 -1 -1 -1 -1 -1 -1 -1 -1 -1 -1 -1 -1 -1 -1 -1 -1 -1 -1 -1 -1 -1 -1 -1 -1 -1 -1 -1 -1 -1 -1 -1 -1 
-1 -1 -1 -1 -1 -1 -1 -1 -1 -1 -1 -1 -1 -1 -1 -1 -1 -1 -1 -1 -1 -1 -1 -1 -1 -1 -1 -1 -1 -1 -1 -1 -1 -1 -1 -1 -1 -1 -1 -1 -1 
-1 -1 1060.5 -1 -1 1046.5 -1 -1 -1 -1 -1 -1 987 -1 -1 909.78 -1 -1 -1 -1 906.5 1008 910 1022 -1 -1 1025.5 -1 -1 -1 -1 -1 -1 -1 -1 -1 1067.5 -1 1060.5 1039.5 -1 
-1 1043 1060.5 1041.77 1052.74 1032.5 1085 1085 997.5 1003.87 983.5 987 954.345 927.5 924 917.176 906.5 941.5 917 899.5 895.814 889 917.404 955.5 955.013 945.412 927.5 976.5 945 983.5 980 1043 997.5 1018.5 1028.69 1116.5 1106 1074.5 1060.5 1046.88 -1 
-1 1032.5 1050 1049.17 1046.5 1011.5 1004.5 1004.5 993.611 948.215 990.899 969.16 952 934.881 920.5 927.652 917 924 906.893 857.5 882 892.5 894.284 878.5 871.306 893.103 934.5 944.503 945 973 980.389 1002.2 1004.5 1074.5 1033.32 1080.27 1025.5 1032.5 1046.5 1032.5 -1 
-1 1047.3 1046.5 1025.5 1053.5 1022 1011.9 997.5 994 958.715 966 941.5 941.5 945.786 924 892.5 871.5 906.5 906.5 864.894 877.294 885.5 871.5 889 878.705 878.5 889 931 955.5 934.5 966 962.5 955.5 1015 1022 1036 1032.9 1018.5 1046.5 1047.3 -1 
-1 1039.5 1057 1040.28 1029 997.5 972.399 961.899 977.315 973 931 948.5 934.5 931 878.904 899.5 885.5 864.5 864.5 871.5 864.5 840 857.5 864.905 857.5 893.3 903.771 920.5 947.695 941.905 949.31 987 962.905 1008 1008 1025.5 1029 1029 1053.5 1039.5 -1 
-1 1046.89 1053.5 1025.5 1023.29 997.5 979.797 976.7 959 938 938.373 920.5 934.5 906.5 893.712 868 864.5 868 871.893 889 826 847 864.892 868 850.5 875 885.5 906.5 931 920.5 952.376 948.5 948.5 980 1001 1014.63 997.5 1017.35 1050 1046.89 -1 
-1 1050 1015 1036 1005.11 978.795 990.272 976.5 931 945.397 919.238 906.5 927.889 885.5 896 868 850.5 847 846.594 833 822.5 840.793 843.5 854 850.5 854.501 892.897 913.5 920.5 903 919.238 927.5 955.9 957.388 969.5 1015 1004.9 1024.76 1053.5 1032.5 -1 
-1 1027.83 1004.5 1025.5 990.5 986.196 973 973 938.403 938 913.5 906.155 913.5 892.897 864.598 861.523 847 836.5 853.992 831.825 801.5 829.5 843.5 836.5 847 857.5 882.501 878.5 906.5 906.155 913.5 938 931 957.288 973 994 1015 1001 1025.5 1039.89 -1 
-1 1025.5 1011.9 994 980 973 983.091 952 938 941.5 924 896 903 864.5 854 850.5 854.389 829.5 825.65 801.5 808.899 808.5 850.904 829.5 847 850.5 854 864.5 903 896 924 941.5 938.404 955.447 969.5 983.5 990.885 1011.5 1011.5 1025.5 -1 
-1 1032.89 1015 990.5 987.394 966 952 945 924 913.5 896 882 860.47 879.292 836.5 819 829.5 811.463 812 808.907 791 794.5 808.5 840.384 840 840 847 879.292 896 882 896 910 938 938 948.5 962.5 994 990.5 1021.11 1022 -1 
-1 1021.7 1018.37 994 987 962.5 959 934.5 927.5 906.5 903 882 867.877 854 843.5 829.5 836.5 805.51 805 808.5 784 801.888 805 850.5 836.5 836.5 843.5 861 870.62 882 892.5 920.5 934.5 947.494 948.5 973 987 997.905 997.5 1029.39 -1 
-1 1029 997.5 990.5 983.5 969.897 952 941.897 922.382 913.5 892.903 889 864.5 864.5 840 826.879 812 791 812.393 810.348 787.5 815.868 812 805 812 826.879 840 864.5 868 889.406 899.902 913.5 945 959 955.5 959 984.305 990.5 1004.9 1022 -1 
-1 1018.5 1004.5 997.5 981.73 973 952 939.702 927.5 903 897.241 885.5 875 854 847 808.5 819.394 787.5 791 780.5 0 787.5 791 780.5 787.5 819 826 852.432 864.5 883.862 896 911.77 924 948.5 955.088 962.5 983.5 994 1004.09 1022 -1 
-1 1029 1022.37 1008 981.926 966 952 945.16 927.5 911.641 906.5 889 878.5 868.065 836.5 815.906 815.5 794.868 798 791 14.7368 794.888 798 791.843 819 828.212 833.397 861 868 896 899.5 917 931 948.5 955.5 964.405 976.5 997.5 1011.5 1020.39 -1 
-1 1029 1015.4 1001 989.332 968.652 962.5 948.5 922.104 920.5 899.5 889 889 868 836.5 830.717 822.868 805.368 808.5 805.747 29.4737 815.829 805.404 799.25 805 822.5 850.5 869.434 876.731 892.5 890.109 920.5 934.5 945 962.5 971.185 983.903 994 1022 1018.5 -1 
-1 1033.79 1012.75 1005.75 997.5 979.152 962.898 955.5 932.604 925.526 906.5 899.5 885.5 875.405 851.302 844.673 837.641 820.12 823.254 820.494 44.2105 823.343 819.843 809.72 815.5 833 848.977 876.84 890.434 899.903 897.514 920.5 934.5 953.567 966 978.593 988.905 1001 1015 1025.5 -1 
-1 1032.5 1020.15 1004.5 990.5 981.505 962.5 946.673 938 931 914.462 905.668 885.5 885.5 864.897 855.145 851.982 833.823 836.869 829.5 58.9474 826.843 830.343 823.343 830.237 847 856.369 882 893.934 906.5 907.985 927.5 934.5 962.5 959 981.328 983.5 1004.5 1022 1029 -1 
-1 1032.5 1030.63 1011.5 1004.5 988.906 973 938.53 945.398 934.5 924 899.5 896 892.5 875 857.5 859.809 847 851.623 836.892 73.6842 840.843 838.563 838.093 835.063 857.5 861.797 892.5 899.5 914.934 922.737 935.62 943.432 959 973.811 983.5 997.5 1011.5 1026.67 1036 -1 
-1 1039.5 1018.9 1018.5 1009.25 988.924 983.5 945.928 955.5 942.223 927.5 914.301 910 903 880.054 868 868 854.391 854.415 844.047 88.4211 851.343 845.563 849.854 861 857.5 875 893.046 911.72 920.5 934.5 942.609 953.109 962.5 976.5 983.5 1004.9 1011.5 1029 1044.24 -1 
-1 1046.5 1033.29 1025.5 1004.5 991.846 988.526 960.723 963.878 949.617 934.896 924 917 906.5 887.442 878.869 875 869.173 868 858.858 103.158 866.027 856.435 864.645 871.5 872.254 889 903.546 918.175 931 934.5 948.5 960.509 966 976.5 994.377 1002.18 1022 1025.5 1043 -1 
-1 1053.89 1045.97 1029 1015 1004.5 990.5 974.826 971.274 945 945 931.388 924.401 906.5 897.924 893.606 885.5 883.955 873.668 880.005 117.895 875.385 866.933 879.343 879.343 887.007 899.5 917 931 938.394 949.31 959 966.562 980 987 1001.69 1005.41 1022 1040.31 1050.39 -1 
-1 1067.5 1047.73 1034.92 1022 1015 1001 982.128 966 953.219 952 934.5 931 918.64 903.52 906.5 896 885.5 888.478 133 132.632 133 881.673 890.133 894.097 901.761 914.261 927.87 938 945 962.885 973.752 981.329 987.384 1001.75 1009.79 1015.91 1029.39 1046.5 1054.49 -1 
-1 1054.11 1055.13 1040.82 1029.95 1011.5 1001 377.412 980.8 963.719 962.5 942.12 935.163 931.98 914.02 917 908.965 899.884 157.5 143.5 147.368 143.5 157.5 901.563 908.861 913.5 929.023 942.61 945.925 955.5 971.144 980 987 997.869 1008 1017.17 1030.11 1039.87 444.5 1043 -1 
-1 493.192 483 531.751 1029 396.798 387.912 384.781 332.5 395.5 311.5 945.663 948.87 939.857 924.52 927.5 919.465 171.5 164.868 158.246 162.105 158.249 164.868 171.5 916.326 928.261 942.671 948.5 960.517 966 311.5 984.106 332.5 1012.61 1018.5 1031.94 423.5 430.903 434 493.5 -1 
-1 500.6 490.408 430.726 413 404.166 395.281 343 330.862 313.514 294 283.5 952.606 947.245 238 937.348 931 182 175.368 171.868 176.842 173.011 175.368 182 929.934 936.957 238 959 975.275 283.5 294 313.514 330.862 343 475.751 455.12 413 430.726 441.401 508.283 -1 
-1 444.5 447.412 430.5 420.634 367.5 355.514 350 315 320.917 290.5 290.868 332.5 245 229.477 206.5 203 192.5 190.105 186.62 191.579 187.711 190.105 192.5 203 206.5 245.368 245 332.5 290.868 290.5 290.5 315 350 355.514 381.5 423.5 430.5 451.874 458.5 -1 
-1 423.5 444.5 418.519 378 374.902 353.5 353.5 325.5 307.137 297.868 266 252.993 252.368 236.845 217 210.368 203.814 204.842 203.368 201.371 202.46 204.842 203.814 210.368 217 243.477 252.368 266 283.5 295.851 301 305.315 354.704 353.5 388.5 395.5 418.519 445.705 423.5 -1 
-1 430.5 413 400.648 388.5 381.5 357.843 333.726 325.297 298.585 288.468 273.39 257.477 249.488 235.755 224 220.868 218.557 219.579 214.996 214.996 217.222 219.579 218.557 220.868 231.743 238 249.488 272.853 280 288.468 315.393 315.754 338.225 360.882 381.5 388.5 400.648 413 421.863 -1 
-1 430.5 410.722 386.925 378 367.5 362.769 340.968 328.266 302.085 295.872 287.368 267.977 259.988 245.368 238.767 235.606 233.3 231.368 227.868 227.868 231.921 231.368 233.3 235.606 245 245.396 259.988 278.477 287.368 295.872 311.5 330.509 340.968 367.5 367.5 378 386.925 395.5 430.5 -1 
-1 416.5 409.5 394.331 374.5 371 353.5 347.488 318.5 316.461 306.344 298.493 276.5 263.024 255.868 253.534 249.287 248.044 245 241.5 241.5 242.63 245 248.044 249.287 255.5 255.872 271.017 276.5 296.77 299.477 322 336 348.349 353.5 371 374.5 394.294 406 416.5 -1 
-1 423.904 410.751 402.5 385 375.968 356.661 349.266 325.893 322 315 302.977 283.896 277.815 270.613 268.301 264.024 262.787 259.742 256.244 255.5 257.392 259.742 262.787 264.024 270.24 270.617 280 287 304.5 306.865 329 336 343 360.898 375.968 385 402.5 410.751 423.904 -1 
-1 414.68 407.274 402.5 392 374.5 359.195 353.5 336.371 326.557 325.5 310.356 294.372 292.605 285.358 280 278.761 274.704 273.368 269.868 270.26 272.148 273.368 274.704 278.761 283.5 284.339 290.5 301.745 311.904 321.641 334.477 346.882 350.389 371 371.722 393.176 402.5 421.065 430.5 -1 
-1 -1 -1 -1 -1 -1 -1 -1 -1 -1 -1 -1 -1 -1 -1 -1 -1 -1 -1 -1 -1 -1 -1 -1 -1 -1 -1 -1 -1 -1 -1 -1 -1 -1 -1 -1 -1 -1 -1 -1 -1 
