-107.247 8.89527 172.838 -107 6.62 381.5 180 340
-110.845 7.89065 158.686 -109 8.46 245 180 280
-195.917 -0.197559 155.899 -193.969 2 301 180 260
-245.171 -2.02416 157.547 -242.969 0.202021 318.5 180 240
-388.304 -1.13728 188.042 -386 0 413 180 160
-236.874 55.0773 190.906 -236 57.48 357 180 140
-132.51 1.81041 200.606 -130 0 269.5 180 80
-190.748 17.2273 197.693 -190 15 567 180 60
-169.306 17.2686 192.156 -169 15 556.5 180 40
-143.342 10.8599 186.888 -142 8.53 514.5 180 20
-122.95 9.79608 179.848 -123 7.5 451.5 180 0
-132.649 60.3478 159.841 -131.969 57.512 416.5 160 340
-102.241 48.4577 146.502 -101.969 45.892 283.5 160 300
-102.612 47.508 141.554 -101.969 46.022 245 160 280
-130.768 56.8037 138.479 -128.604 58.5788 220.5 160 240
-138.222 86.5346 144.007 -136 88.6725 210 160 200
-348.929 92.9681 160.36 -345.365 93.8808 402.5 160 160
-341.834 101.002 173.431 -339.635 102.481 490 160 120
-206.387 122.804 179.414 -206 120.603 451.5 160 80
-201.124 105.053 179.658 -201 102.603 507.5 160 60
-189.711 89.1308 177.618 -189.969 86.892 535.5 160 40
-117.435 53.6127 152.837 -116.969 50.952 350 160 320
-125.898 122.73 146.844 -126.604 120.279 423.5 140 340
-111.522 108.373 139.914 -112.604 106.279 367.5 140 320
-98.4285 96.2292 132.882 -99.6044 94.2788 308 140 300
-170.293 127.187 119.354 -167 127.603 269.5 140 220
-288.214 213.874 153.154 -286.635 215.481 465.5 140 100
-152.226 188.562 159.41 -153 186.603 409.5 140 60
-73.5764 153.151 126.91 -75.3648 151.481 353.5 120 320
-51.1811 111.165 106.52 -53 109.603 220.5 120 260
-55.0592 119.127 98.5596 -55.3648 118.481 189 120 220
-67.8761 147.599 100.796 -64.3648 146.481 189 120 180
-173.752 251.187 106.594 -171.365 251.481 304.5 120 160
-198.082 280.869 113.4 -195.635 280.481 336 120 140
-210.266 306.158 127.275 -208.15 306.603 402.5 120 100
-82.8936 172.841 133.141 -84 170 392 120 340
-301.892 214.849 147.336 -300 216 427 140 120
-78.4931 222.189 139.416 -80 221.603 357 120 40
-129.947 2.72696 194.895 -127 0 234.5 180 100
-16.0393 190.724 117.731 -17.99 188 325.5 100 340
-12.2935 129.953 92.7377 -14.3648 128.481 227.5 100 260
-9.55746 118.742 81.6437 -11.3648 117.481 178.5 100 220
-5.85403 118.119 78.9463 -7.63518 115.481 161 100 200
-278.593 194.973 132.759 -274.365 194.481 350 140 160
-198.384 299.119 133.342 -195 298 434 120 80
1.68303 186.724 90.8882 5 182.603 182 100 120
-91.01 351.659 107.259 -88.69 351 367.5 100 80
-47.2147 107.763 101.579 -49 106.603 192.5 120 240
-1.17341 217.312 119.392 -2.39556 214 294 100 20
-11.1142 205.525 120.022 -13 203.603 318.5 100 0
52.0619 164.703 99.7895 49.6044 163.909 234.5 80 340
-81.1013 339.403 113.163 -78 336 388.5 100 60
43.3019 157.119 97.6424 41 157 245 80 320
-328.337 -1.73316 166.846 -326.604 0 367.5 180 200
37.9961 150.325 93.0582 36 150.603 248.5 80 300
-215.364 154.687 122.163 -213 155.603 297.5 140 200
31.8396 123.508 79.7323 29.3648 122.481 213.5 80 260
28.768 111.726 72.9949 26.3648 111.481 189 80 240
28.0382 104.611 66.6816 25.3648 103.481 168 80 220
29.0677 103.917 61.8653 26.3648 102.481 154 80 200
-58.1896 122.05 112.837 -60 120.603 262.5 120 280
38.4418 165.536 61.2067 40 163.853 171.5 80 140
29.7937 341.618 80.348 31.6044 338.279 304.5 80 80
71.2902 183.295 96.1116 71.6044 183.279 206.5 80 20
-13.4545 154.239 106.521 -15.6352 152.481 283.5 100 300
64.3824 168.621 99.3585 61.6044 166.279 213.5 80 0
96.9508 124.176 79.8768 95 124 168 60 340
-165.038 170.275 159.974 -166 169 472.5 140 40
-140.788 138.087 153.06 -141.84 136 465.5 140 0
70.2591 100.88 73.0909 68 101.603 182 60 280
56.9756 82.4365 59.9266 55 83.6025 161 60 240
-170.693 77.5517 173.127 -170.969 75.202 521.5 160 20
53.4996 76.3742 46.5437 51 76.6025 140 60 200
-209.563 298.329 120.334 -205.635 296 367.5 120 120
32.3978 109.55 58.9918 30.0148 108.481 147 80 180
16.5908 217.913 115.84 16 217 252 100 40
59.4348 86.1475 41.5542 57 85.6025 143.5 60 180
71.5962 97.9912 38.9422 70 98.6025 133 60 140
99.0035 149.453 45.8812 100.604 148.279 157.5 60 100
62.7971 89.5678 66.7275 60 89.6025 171.5 60 260
132.861 272.572 53.1352 134.604 271.279 248.5 60 80
-16.3768 172.485 113.114 -18.6352 172 311.5 100 320
-251.288 69.5563 142.186 -248.604 71.0988 311.5 160 220
116.54 155.409 65.5969 116.604 151.279 161 60 40
62.7031 87.632 39.1126 61 88.6025 133 60 160
132.318 95.7838 57.4107 132.969 96.202 147 40 340
-321.362 93.0539 151.12 -318 94.23 360.5 160 180
63.8449 44.7424 46.938 61.6044 45.9088 119 40 240
59.955 42.4035 39.8873 57.6044 43.2788 115.5 40 220
-93.3488 344.737 100.314 -91 344 339.5 100 100
36.0281 134.196 58.768 35 131.853 157.5 80 160
114.599 160.757 71.9155 114.604 156.279 175 60 20
-102.521 129.024 124.69 -100.365 130.481 196 140 180
54.0823 78.2587 52.8927 52 79.1125 150.5 60 220
58.4029 40.5899 26.5606 55.6044 41.2788 105 40 180
76.4442 52.9988 19.1761 74.6044 54.2788 112 40 140
37.734 324.723 93.09 39.9544 324.279 332.5 80 40
108.518 71.8526 60.1847 106.969 73.202 129.5 40 320
89.8026 61.3968 18.9688 87.6044 62.2788 115.5 40 120
131.249 95.9148 26.2206 131.969 96.202 136.5 40 80
88.2401 123.918 80.1413 86.6044 124.279 185.5 60 320
89.5385 137.904 41.3687 89.6044 136.279 157.5 60 120
84.9233 58.9822 57.7843 81.6044 59.2788 133 40 280
137.367 95.2038 52.5279 135.969 94.202 136.5 40 0
-68.0717 135.537 98.8107 -66.3648 135.481 192.5 120 200
113.193 29.8114 37.6697 109.969 31.202 101.5 20 320
148.721 109.335 46.406 147.969 107.202 143.5 40 20
-85.0308 208.44 139.5 -87 207.603 392 120 20
64.1825 17.1826 37.95 62.9693 19.202 84 20 260
-349.18 -2.07923 173.482 -345 0 399 180 180
28.6974 322.818 73.2663 30.74 322 283.5 80 100
81.849 22.064 40.4423 78.9693 23.542 94.5 20 280
-13.4007 140.158 99.7739 -15.6352 139.481 255.5 100 280
-94.028 9.44791 166.406 -93.9693 7.20202 311.5 180 320
101.971 68.1507 21.5806 98.6044 68.2788 115.5 40 100
36.0333 9.10071 27.149 34.9693 11.262 56 20 220
-2.73279 168.112 84.9989 -0.635178 164.481 171.5 100 140
97.1149 65.7922 60.0944 95.6044 67.2788 133 40 300
28.6148 6.89434 13.0102 26.9693 8.89201 45.5 20 180
-12.4056 123.872 86.6613 -14.3648 123.481 203 100 240
115.514 155.566 57.4948 116.604 152.279 157.5 60 60
48.3718 12.4755 33.096 46.9693 14.452 70 20 240
-60.1172 248.51 81.902 -57.0752 245.481 259 100 160
-201.441 139.53 176.198 -202 139 381.5 160 100
36.9888 9.61095 6.95463 34.9693 11.432 56 20 160
34.951 132.499 86.7324 32.67 133 227.5 80 280
63.925 43.9875 21.7772 61.6044 45.1488 105 40 160
-353.208 97.7217 167.332 -349.365 98.7108 444.5 160 140
65.4769 17.6127 359.152 62.9693 19.202 80.5 20 120
-87.9854 86.1447 121.541 -87.6044 84.2788 224 140 260
-103.206 5.89799 161.638 -102.969 5.38 276.5 180 300
48.049 12.6098 1.89373 44.9693 14.102 66.5 20 140
-1.96223 125.267 78.4956 -3.63518 123.481 154 100 180
-93.3206 193.52 137.947 -95 192.603 416.5 120 0
-168.967 271.617 137.839 -166 271.353 444.5 120 60
72.4217 50.7316 53.2597 70.6044 52.2788 126 40 260
84.4396 23.3335 359.415 82.9693 25.202 91 20 100
-284.008 0.283429 200.138 -284 0 353.5 180 120
57.2758 39.8619 32.6817 55.6044 41.2788 108.5 40 200
-151.876 68.3284 166.879 -151.969 65.922 479.5 160 0
103.18 28.3794 1.84657 101.969 30.202 98 20 80
185.27 157.414 31.0497 183.969 153.202 189 40 60
30.5669 7.42213 19.9039 27.9693 9.01201 49 20 200
151.204 47.717 6.4532 148.969 47.202 129.5 20 60
136.235 38.0481 12.7448 134.969 39.202 108.5 20 40
-92.5653 91.047 118.699 -92 90.6025 206.5 140 240
47.2118 172.187 65.4341 49 168.603 168 80 120
74.5509 184.597 85.1203 76.6044 183.279 178.5 80 60
-111.232 50.8758 138.698 -110.604 51.0288 224 160 260
100.127 27.1531 40.4528 96.9693 28.452 101.5 20 300
-151.969 154.129 157.573 -152 151 479.5 140 20
-86.3556 86.0527 126.611 -87.6044 84.2788 252 140 280
150.687 111.793 39.1722 147.969 107.952 143.5 40 40
-296.138 207.775 139.881 -292.115 207.481 385 140 140
140.645 38.6596 19.6068 138.969 39.702 108.5 20 20
-252.267 197.738 157.88 -250 199 486.5 140 80
131.804 36.0143 32.9353 129.969 37.202 108.5 20 340
78.3744 109.339 77.5943 75.6044 109.279 182 60 300
139.011 38.1447 26.7414 136.969 39.162 108.5 20 0
-289.982 -2.01836 161.192 -288.604 0 339.5 180 220
106.816 128.719 76.8151 104.604 127.279 157.5 60 0
-65.1435 136.104 119.85 -67 134.603 308 120 300
