-318.004 405.754 204.79
-181.839 403.343 149.554
-145.598 356.351 136.817
-231.083 419.699 162.591
-86.869 272.537 135.653
-162.809 406.366 136.729
-223.427 423.324 160.821
-242.679 398.65 174.331
-123.739 346.167 123.135
-283.782 353.389 205.189
-129.49 335.305 135.589
-74.4064 254.002 135.207
-243.994 369.72 196.858
-334.825 398.107 206.741
-314.833 399.956 207.24
-219.118 408.467 162.596
-263.95 378.188 185.066
-240.97 409.07 162.417
-254.892 381.553 185.504
-215.252 399.173 162.137
-149.625 388.424 136.345
-257.6 391.661 184.609
-87.6121 331.334 109.563
-119.588 349.458 121.344
-226.97 403.158 163.879
-168.578 362.122 138.886
-184.279 383.567 137.884
-238.491 391.501 163.352
-236.098 403.176 172.407
-206.893 389.501 162.072
-169.571 353.232 149.704
-158.35 374.586 136.704
-178.239 350.613 161.208
-114.967 312.616 136.719
-175.04 380.909 149.511
-102.267 294.325 136.365
10.4996 3.67494 358.823
-59.5643 231.646 134.736
-173.642 396.479 136.773
-237.428 425.152 163.338
-239.687 360.938 185.132
-217.418 411.285 161.407
-118.364 301.691 147.739
-130.275 334.491 136.866
-272.995 363.441 200.216
-292.889 390.786 206.805
-263.366 363.869 205.205
-45.0398 208.98 132.986
-136.288 320.13 149.507
-338.23 406.305 207.047
-248.096 392.133 195.259
-93.1527 347.343 105.182
-300.448 379.308 206.812
-295.865 389.455 209.063
-113.975 325.395 124.567
-279.892 359.716 204.204
-98.7958 303.31 124.093
-108.446 324.158 122.722
0 0 0
